   Selected parameters are:
1 Height, km
2 Electron_density_Ne, m-3
3 Tn, K
4 Ti, K
5 Te, K

       1            2      3      4      5
  100.00  0.33413E+10  177.5  177.5  177.5
  101.00  0.34414E+10  180.1  180.1  180.1
  102.00  0.35072E+10  184.2  184.2  184.2
  103.00  0.35478E+10  189.5  189.5  189.5
  104.00  0.35710E+10  196.2  196.2  196.2
  105.00  0.35830E+10  204.3  204.3  204.3
  106.00  0.35884E+10  213.6  213.6  213.6
  107.00  0.35904E+10  224.2  224.2  224.2
  108.00  0.35910E+10  236.0  236.0  236.0
  109.00  0.35910E+10  248.9  248.9  248.9
  110.00  0.35910E+10  262.5  262.5  262.5
  111.00  0.35563E+10  276.6  276.6  276.6
  112.00  0.34601E+10  290.9  290.9  290.9
  113.00  0.33156E+10  305.4  305.4  305.4
  114.00  0.31366E+10  320.1  320.1  320.1
  115.00  0.29357E+10  334.9  334.9  334.9
  116.00  0.27239E+10  349.7  349.7  349.7
  117.00  0.25103E+10  364.6  364.6  364.6
  118.00  0.23018E+10  379.4  379.4  379.4
  119.00  0.21034E+10  394.2  394.2  394.2
  120.00  0.19183E+10  409.1  409.1  409.1
  121.00  0.17483E+10  424.0  424.0  424.0
  122.00  0.15943E+10  439.0  439.0  439.0
  123.00  0.14563E+10  454.3  454.3  454.3
  124.00  0.13337E+10  470.4  470.4  470.4
  125.00  0.12258E+10  486.0  486.0  486.0
  126.00  0.11314E+10  501.2  501.2  501.2
  127.00  0.10494E+10  516.0  516.0  516.0
  128.00  0.97875E+09  530.5  530.5  530.5
  129.00  0.91827E+09  544.6  544.6  544.6
  130.00  0.86700E+09  558.4  558.4  558.4
  131.00  0.82403E+09  572.0  572.0  572.0
  132.00  0.78855E+09  585.1  585.1  585.1
  133.00  0.75988E+09  598.0  598.0  598.0
  134.00  0.73743E+09  610.6  610.6  610.6
  135.00  0.72069E+09  622.9  622.9  622.9
  136.00  0.70927E+09  634.9  634.9  634.9
  137.00  0.70283E+09  646.7  646.7  646.7
  138.00  0.70113E+09  658.1  658.1  658.1
  139.00  0.70397E+09  669.3  669.3  669.3
  140.00  0.71122E+09  680.3  680.3  680.3
  141.00  0.72280E+09  691.0  691.0  691.0
  142.00  0.73867E+09  701.4  701.4  701.4
  143.00  0.75882E+09  711.6  711.6  712.0
  144.00  0.78327E+09  721.6  721.6  723.7
  145.00  0.81207E+09  731.3  731.3  735.1
  146.00  0.84526E+09  740.9  740.9  746.2
  147.00  0.88290E+09  750.2  750.2  756.8
  148.00  0.92504E+09  759.2  759.2  767.0
  149.00  0.97170E+09  768.1  768.1  776.8
  150.00  0.10229E+10  776.8  776.8  786.0
  151.00  0.10787E+10  785.3  785.3  794.8
  152.00  0.11388E+10  793.5  793.5  803.0
  153.00  0.12034E+10  801.6  801.6  810.7
  154.00  0.12721E+10  809.5  809.5  818.0
  155.00  0.13448E+10  817.3  817.3  824.8
  156.00  0.14212E+10  824.8  824.8  831.1
  157.00  0.15010E+10  832.2  832.2  837.1
  158.00  0.15837E+10  839.4  839.4  842.7
  159.00  0.16690E+10  846.4  846.4  847.9
  160.00  0.17565E+10  853.3  853.3  853.3
  161.00  0.18457E+10  860.0  860.0  860.0
  162.00  0.19363E+10  866.6  866.6  866.6
  163.00  0.20279E+10  873.0  873.0  873.0
  164.00  0.21204E+10  879.3  879.3  879.3
  165.00  0.22137E+10  885.4  885.4  885.4
  166.00  0.23079E+10  891.4  891.4  891.4
  167.00  0.24034E+10  897.2  897.2  897.2
  168.00  0.25007E+10  902.9  902.9  902.9
  169.00  0.26010E+10  908.5  908.5  908.5
  170.00  0.27056E+10  914.0  914.0  914.0
  171.00  0.28163E+10  919.3  919.3  919.3
  172.00  0.29357E+10  924.5  924.5  924.5
  173.00  0.30668E+10  929.6  929.6  929.6
  174.00  0.32138E+10  934.6  934.6  934.6
  175.00  0.33818E+10  939.5  939.5  939.5
  176.00  0.35773E+10  944.2  944.2  944.2
  177.00  0.39055E+10  948.8  948.8  948.8
  178.00  0.42416E+10  953.4  953.4  953.4
  179.00  0.45777E+10  957.8  957.8  957.8
  180.00  0.49138E+10  962.2  962.2  962.2
  181.00  0.52499E+10  966.4  966.4  966.4
  182.00  0.55860E+10  970.5  970.5  970.5
  183.00  0.59221E+10  974.6  974.6  974.6
  184.00  0.62583E+10  978.5  978.5  978.5
  185.00  0.65944E+10  982.4  982.4  982.4
  186.00  0.69305E+10  986.2  986.2  986.2
  187.00  0.72666E+10  989.8  989.8  989.8
  188.00  0.76027E+10  993.4  993.4  993.4
  189.00  0.79388E+10  997.0  997.0  997.0
  190.00  0.82749E+10 1000.4 1000.4 1000.4
  191.00  0.86110E+10 1003.8 1003.8 1003.8
  192.00  0.89472E+10 1007.1 1007.1 1007.1
  193.00  0.92833E+10 1010.3 1010.3 1010.3
  194.00  0.96194E+10 1013.4 1013.4 1013.4
  195.00  0.99555E+10 1016.5 1016.5 1016.5
  196.00  0.10292E+11 1019.5 1019.5 1019.5
  197.00  0.10628E+11 1022.4 1022.4 1022.4
  198.00  0.10964E+11 1025.3 1025.3 1025.3
  199.00  0.11300E+11 1028.1 1028.1 1028.1
  200.00  0.11636E+11 1030.8 1030.8 1030.8
  201.00  0.11972E+11 1033.5 1033.5 1033.5
  202.00  0.12308E+11 1036.1 1036.1 1036.1
  203.00  0.12644E+11 1038.7 1038.7 1038.7
  204.00  0.12981E+11 1041.2 1041.2 1041.2
  205.00  0.13317E+11 1043.6 1043.6 1043.6
  206.00  0.13653E+11 1046.0 1046.0 1046.0
  207.00  0.13989E+11 1048.3 1048.3 1048.3
  208.00  0.14325E+11 1050.6 1050.6 1050.6
  209.00  0.14661E+11 1052.8 1052.8 1052.8
  210.00  0.14997E+11 1055.0 1055.0 1055.0
  211.00  0.15333E+11 1057.2 1057.2 1057.2
  212.00  0.15669E+11 1059.2 1059.2 1059.2
  213.00  0.16006E+11 1061.3 1061.3 1061.3
  214.00  0.16342E+11 1063.3 1063.3 1063.3
  215.00  0.16678E+11 1065.2 1065.2 1065.2
  216.00  0.17123E+11 1067.1 1067.1 1067.1
  217.00  0.17654E+11 1069.0 1069.0 1069.0
  218.00  0.18199E+11 1070.8 1070.8 1070.8
  219.00  0.18759E+11 1072.6 1072.6 1072.6
  220.00  0.19334E+11 1074.3 1074.3 1074.3
  221.00  0.19924E+11 1076.0 1076.0 1076.0
  222.00  0.20529E+11 1077.6 1077.6 1077.6
  223.00  0.21151E+11 1079.3 1079.3 1079.3
  224.00  0.21789E+11 1080.8 1080.8 1080.8
  225.00  0.22443E+11 1082.4 1082.4 1082.4
  226.00  0.23113E+11 1083.9 1083.9 1085.3
  227.00  0.23801E+11 1085.4 1085.4 1088.7
  228.00  0.24506E+11 1086.8 1086.8 1092.1
  229.00  0.25229E+11 1088.2 1088.2 1095.5
  230.00  0.25970E+11 1089.6 1089.6 1098.9
  231.00  0.26729E+11 1091.0 1091.0 1102.3
  232.00  0.27507E+11 1092.3 1092.3 1105.7
  233.00  0.28303E+11 1093.6 1093.6 1109.1
  234.00  0.29119E+11 1094.9 1094.9 1112.5
  235.00  0.29954E+11 1096.1 1096.1 1115.9
  236.00  0.30808E+11 1097.3 1097.3 1119.3
  237.00  0.31683E+11 1098.5 1098.9 1122.7
  238.00  0.32578E+11 1099.6 1100.8 1126.1
  239.00  0.33494E+11 1100.8 1102.6 1129.5
  240.00  0.34430E+11 1101.9 1104.4 1132.9
  241.00  0.35387E+11 1102.9 1106.3 1136.3
  242.00  0.36366E+11 1104.0 1108.1 1139.7
  243.00  0.37366E+11 1105.0 1110.0 1143.1
  244.00  0.38388E+11 1106.0 1111.8 1146.5
  245.00  0.39432E+11 1107.0 1113.6 1149.9
  246.00  0.40498E+11 1108.0 1115.5 1153.3
  247.00  0.41587E+11 1108.9 1117.3 1156.7
  248.00  0.42698E+11 1109.8 1119.2 1160.1
  249.00  0.43833E+11 1110.7 1121.0 1163.6
  250.00  0.44990E+11 1111.6 1122.8 1167.0
  251.00  0.46170E+11 1112.5 1124.7 1170.4
  252.00  0.47374E+11 1113.3 1126.5 1173.8
  253.00  0.48601E+11 1114.1 1128.4 1177.2
  254.00  0.49851E+11 1114.9 1130.2 1180.6
  255.00  0.51126E+11 1115.7 1132.0 1184.0
  256.00  0.52424E+11 1116.5 1133.9 1187.4
  257.00  0.53745E+11 1117.2 1135.7 1190.8
  258.00  0.55091E+11 1118.0 1137.6 1194.2
  259.00  0.56460E+11 1118.7 1139.4 1197.6
  260.00  0.57854E+11 1119.4 1141.2 1201.0
  261.00  0.59271E+11 1120.1 1143.1 1204.4
  262.00  0.60712E+11 1120.8 1144.9 1207.8
  263.00  0.62177E+11 1121.4 1146.8 1211.2
  264.00  0.63665E+11 1122.0 1148.6 1214.6
  265.00  0.65177E+11 1122.7 1150.4 1218.0
  266.00  0.66712E+11 1123.3 1152.3 1221.4
  267.00  0.68271E+11 1123.9 1154.1 1224.8
  268.00  0.69852E+11 1124.5 1156.0 1228.2
  269.00  0.71456E+11 1125.0 1157.8 1231.6
  270.00  0.73083E+11 1125.6 1159.6 1235.0
  271.00  0.74732E+11 1126.2 1161.5 1238.4
  272.00  0.76403E+11 1126.7 1163.3 1241.8
  273.00  0.78096E+11 1127.2 1165.2 1245.2
  274.00  0.79809E+11 1127.7 1167.0 1248.6
  275.00  0.81544E+11 1128.2 1168.8 1252.0
  276.00  0.83298E+11 1128.7 1170.7 1255.4
  277.00  0.85073E+11 1129.2 1172.5 1258.8
  278.00  0.86866E+11 1129.7 1174.4 1262.2
  279.00  0.88679E+11 1130.1 1176.2 1265.6
  280.00  0.90509E+11 1130.6 1178.0 1269.0
  281.00  0.92357E+11 1131.0 1179.9 1272.4
  282.00  0.94221E+11 1131.4 1181.7 1275.8
  283.00  0.96101E+11 1131.9 1183.6 1279.2
  284.00  0.97997E+11 1132.3 1185.4 1282.7
  285.00  0.99907E+11 1132.7 1187.2 1286.1
  286.00  0.10183E+12 1133.1 1189.1 1289.5
  287.00  0.10377E+12 1133.5 1190.9 1292.9
  288.00  0.10571E+12 1133.8 1192.8 1296.3
  289.00  0.10767E+12 1134.2 1194.6 1299.7
  290.00  0.10964E+12 1134.6 1196.4 1303.1
  291.00  0.11161E+12 1134.9 1198.3 1306.5
  292.00  0.11360E+12 1135.2 1200.1 1309.9
  293.00  0.11558E+12 1135.6 1202.0 1313.3
  294.00  0.11758E+12 1135.9 1203.8 1316.7
  295.00  0.11957E+12 1136.2 1205.6 1320.1
  296.00  0.12157E+12 1136.5 1207.5 1323.5
  297.00  0.12357E+12 1136.9 1209.3 1326.9
  298.00  0.12557E+12 1137.2 1211.2 1330.3
  299.00  0.12757E+12 1137.4 1213.0 1333.7
  300.00  0.12956E+12 1137.7 1214.8 1337.1
  301.00  0.13155E+12 1138.0 1216.7 1340.5
  302.00  0.13353E+12 1138.3 1218.5 1343.9
  303.00  0.13550E+12 1138.6 1220.4 1347.3
  304.00  0.13746E+12 1138.8 1222.2 1350.7
  305.00  0.13941E+12 1139.1 1224.0 1354.1
  306.00  0.14134E+12 1139.3 1225.9 1357.5
  307.00  0.14326E+12 1139.6 1227.7 1360.9
  308.00  0.14516E+12 1139.8 1229.6 1364.3
  309.00  0.14703E+12 1140.1 1231.4 1367.7
  310.00  0.14889E+12 1140.3 1233.2 1371.1
  311.00  0.15072E+12 1140.5 1235.1 1374.5
  312.00  0.15253E+12 1140.7 1236.9 1377.9
  313.00  0.15430E+12 1140.9 1238.8 1381.3
  314.00  0.15604E+12 1141.2 1240.6 1384.7
  315.00  0.15775E+12 1141.4 1242.4 1388.1
  316.00  0.15942E+12 1141.6 1244.3 1391.5
  317.00  0.16106E+12 1141.8 1246.1 1394.9
  318.00  0.16265E+12 1142.0 1248.0 1398.3
  319.00  0.16419E+12 1142.1 1249.8 1401.7
  320.00  0.16569E+12 1142.3 1251.6 1405.1
  321.00  0.16713E+12 1142.5 1253.5 1408.5
  322.00  0.16852E+12 1142.7 1255.3 1411.9
  323.00  0.16985E+12 1142.9 1257.2 1415.3
  324.00  0.17112E+12 1143.0 1259.0 1418.7
  325.00  0.17232E+12 1143.2 1260.8 1422.1
  326.00  0.17346E+12 1143.4 1262.7 1425.5
  327.00  0.17451E+12 1143.5 1264.5 1428.9
  328.00  0.17548E+12 1143.7 1266.4 1432.3
  329.00  0.17636E+12 1143.8 1268.2 1435.7
  330.00  0.17714E+12 1144.0 1270.0 1439.0
  331.00  0.17781E+12 1144.1 1271.9 1442.4
  332.00  0.17834E+12 1144.2 1273.7 1445.8
  333.00  0.17870E+12 1144.4 1275.6 1449.1
  334.00  0.17877E+12 1144.5 1277.4 1452.5
  335.00  0.17875E+12 1144.7 1279.2 1455.8
  336.00  0.17871E+12 1144.8 1281.1 1459.2
  337.00  0.17866E+12 1144.9 1282.9 1462.5
  338.00  0.17858E+12 1145.0 1284.8 1465.7
  339.00  0.17849E+12 1145.2 1286.6 1469.0
  340.00  0.17838E+12 1145.3 1288.4 1472.2
  341.00  0.17825E+12 1145.4 1290.3 1475.5
  342.00  0.17810E+12 1145.5 1292.1 1478.6
  343.00  0.17794E+12 1145.6 1294.0 1481.7
  344.00  0.17776E+12 1145.7 1295.8 1484.8
  345.00  0.17757E+12 1145.8 1297.6 1487.8
  346.00  0.17735E+12 1145.9 1299.5 1490.8
  347.00  0.17713E+12 1146.0 1301.3 1493.7
  348.00  0.17688E+12 1146.1 1303.1 1496.5
  349.00  0.17662E+12 1146.2 1305.0 1499.3
  350.00  0.17635E+12 1146.3 1306.8 1502.0
  351.00  0.17606E+12 1146.4 1308.7 1504.6
  352.00  0.17575E+12 1146.5 1310.5 1507.1
  353.00  0.17544E+12 1146.6 1312.3 1509.5
  354.00  0.17510E+12 1146.7 1314.2 1511.9
  355.00  0.17476E+12 1146.8 1316.0 1514.3
  356.00  0.17440E+12 1146.9 1317.9 1516.5
  357.00  0.17402E+12 1146.9 1319.7 1518.7
  358.00  0.17364E+12 1147.0 1321.5 1520.9
  359.00  0.17324E+12 1147.1 1323.4 1523.0
  360.00  0.17283E+12 1147.2 1325.2 1525.1
  361.00  0.17240E+12 1147.3 1327.1 1527.1
  362.00  0.17197E+12 1147.3 1328.9 1529.1
  363.00  0.17152E+12 1147.4 1330.7 1531.1
  364.00  0.17106E+12 1147.5 1332.6 1533.1
  365.00  0.17059E+12 1147.5 1334.4 1535.1
  366.00  0.17011E+12 1147.6 1336.2 1537.0
  367.00  0.16962E+12 1147.7 1338.1 1538.9
  368.00  0.16912E+12 1147.7 1339.9 1540.9
  369.00  0.16860E+12 1147.8 1341.8 1542.8
  370.00  0.16808E+12 1147.9 1343.6 1544.7
  371.00  0.16755E+12 1147.9 1345.4 1546.6
  372.00  0.16701E+12 1148.0 1347.3 1548.5
  373.00  0.16646E+12 1148.0 1349.1 1550.4
  374.00  0.16590E+12 1148.1 1350.9 1552.3
  375.00  0.16534E+12 1148.1 1352.8 1554.2
  376.00  0.16476E+12 1148.2 1354.6 1556.1
  377.00  0.16418E+12 1148.3 1356.4 1557.9
  378.00  0.16359E+12 1148.3 1358.3 1559.8
  379.00  0.16299E+12 1148.4 1360.1 1561.7
  380.00  0.16239E+12 1148.4 1361.9 1563.6
  381.00  0.16177E+12 1148.5 1363.7 1565.5
  382.00  0.16115E+12 1148.5 1365.6 1567.4
  383.00  0.16053E+12 1148.6 1367.4 1569.2
  384.00  0.15990E+12 1148.6 1369.2 1571.1
  385.00  0.15926E+12 1148.6 1371.0 1573.0
  386.00  0.15862E+12 1148.7 1372.9 1574.9
  387.00  0.15797E+12 1148.7 1374.7 1576.8
  388.00  0.15731E+12 1148.8 1376.5 1578.6
  389.00  0.15665E+12 1148.8 1378.3 1580.5
  390.00  0.15599E+12 1148.8 1380.1 1582.4
  391.00  0.15532E+12 1148.9 1381.9 1584.3
  392.00  0.15465E+12 1148.9 1383.7 1586.2
  393.00  0.15397E+12 1149.0 1385.5 1588.0
  394.00  0.15329E+12 1149.0 1387.3 1589.9
  395.00  0.15260E+12 1149.0 1389.1 1591.8
  396.00  0.15191E+12 1149.1 1390.9 1593.7
  397.00  0.15122E+12 1149.1 1392.7 1595.6
  398.00  0.15052E+12 1149.1 1394.5 1597.4
  399.00  0.14982E+12 1149.2 1396.2 1599.3
  400.00  0.14912E+12 1149.2 1398.0 1601.2
  401.00  0.14841E+12 1149.2 1399.7 1603.1
  402.00  0.14771E+12 1149.3 1401.5 1605.0
  403.00  0.14700E+12 1149.3 1403.2 1606.8
  404.00  0.14628E+12 1149.3 1404.9 1608.7
  405.00  0.14557E+12 1149.4 1406.7 1610.6
  406.00  0.14485E+12 1149.4 1408.4 1612.5
  407.00  0.14413E+12 1149.4 1410.1 1614.4
  408.00  0.14341E+12 1149.4 1411.7 1616.2
  409.00  0.14269E+12 1149.5 1413.4 1618.1
  410.00  0.14197E+12 1149.5 1415.0 1620.0
  411.00  0.14125E+12 1149.5 1416.6 1621.9
  412.00  0.14052E+12 1149.5 1418.2 1623.8
  413.00  0.13980E+12 1149.6 1419.8 1625.6
  414.00  0.13907E+12 1149.6 1421.4 1627.5
  415.00  0.13834E+12 1149.6 1422.9 1629.4
  416.00  0.13762E+12 1149.6 1424.4 1631.3
  417.00  0.13689E+12 1149.7 1425.9 1633.1
  418.00  0.13616E+12 1149.7 1427.4 1635.0
  419.00  0.13543E+12 1149.7 1428.8 1636.9
  420.00  0.13471E+12 1149.7 1430.2 1638.8
  421.00  0.13398E+12 1149.7 1431.5 1640.7
  422.00  0.13325E+12 1149.8 1432.9 1642.5
  423.00  0.13253E+12 1149.8 1434.1 1644.4
  424.00  0.13180E+12 1149.8 1435.4 1646.3
  425.00  0.13108E+12 1149.8 1436.6 1648.2
  426.00  0.13035E+12 1149.8 1437.7 1650.1
  427.00  0.12963E+12 1149.9 1438.9 1651.9
  428.00  0.12890E+12 1149.9 1439.9 1653.8
  429.00  0.12818E+12 1149.9 1441.0 1655.7
  430.00  0.12746E+12 1149.9 1442.0 1657.6
  431.00  0.12674E+12 1149.9 1442.9 1659.5
  432.00  0.12602E+12 1149.9 1443.8 1661.3
  433.00  0.12531E+12 1150.0 1444.7 1663.2
  434.00  0.12459E+12 1150.0 1445.5 1665.1
  435.00  0.12388E+12 1150.0 1446.3 1667.0
  436.00  0.12317E+12 1150.0 1447.0 1668.9
  437.00  0.12246E+12 1150.0 1447.7 1670.7
  438.00  0.12175E+12 1150.0 1448.4 1672.6
  439.00  0.12104E+12 1150.0 1449.0 1674.5
  440.00  0.12034E+12 1150.1 1449.6 1676.4
  441.00  0.11964E+12 1150.1 1450.1 1678.3
  442.00  0.11893E+12 1150.1 1450.6 1680.1
  443.00  0.11824E+12 1150.1 1451.1 1682.0
  444.00  0.11754E+12 1150.1 1451.6 1683.9
  445.00  0.11685E+12 1150.1 1452.0 1685.8
  446.00  0.11615E+12 1150.1 1452.4 1687.6
  447.00  0.11547E+12 1150.1 1452.8 1689.5
  448.00  0.11478E+12 1150.2 1453.1 1691.4
  449.00  0.11409E+12 1150.2 1453.5 1693.3
  450.00  0.11341E+12 1150.2 1453.8 1695.2
  451.00  0.11273E+12 1150.2 1454.1 1697.0
  452.00  0.11206E+12 1150.2 1454.4 1698.9
  453.00  0.11138E+12 1150.2 1454.6 1700.8
  454.00  0.11071E+12 1150.2 1454.9 1702.7
  455.00  0.11004E+12 1150.2 1455.1 1704.6
  456.00  0.10938E+12 1150.2 1455.3 1706.4
  457.00  0.10872E+12 1150.3 1455.6 1708.3
  458.00  0.10806E+12 1150.3 1455.8 1710.2
  459.00  0.10740E+12 1150.3 1456.0 1712.1
  460.00  0.10674E+12 1150.3 1456.1 1714.0
  461.00  0.10609E+12 1150.3 1456.3 1715.8
  462.00  0.10544E+12 1150.3 1456.5 1717.7
  463.00  0.10480E+12 1150.3 1456.6 1719.6
  464.00  0.10416E+12 1150.3 1456.8 1721.5
  465.00  0.10352E+12 1150.3 1457.0 1723.4
  466.00  0.10288E+12 1150.3 1457.1 1725.2
  467.00  0.10225E+12 1150.3 1457.2 1727.1
  468.00  0.10162E+12 1150.3 1457.4 1729.0
  469.00  0.10099E+12 1150.4 1457.5 1730.9
  470.00  0.10037E+12 1150.4 1457.6 1732.8
  471.00  0.99749E+11 1150.4 1457.8 1734.6
  472.00  0.99131E+11 1150.4 1457.9 1736.5
  473.00  0.98518E+11 1150.4 1458.0 1738.4
  474.00  0.97907E+11 1150.4 1458.1 1740.3
  475.00  0.97299E+11 1150.4 1458.3 1742.2
  476.00  0.96695E+11 1150.4 1458.4 1744.0
  477.00  0.96094E+11 1150.4 1458.5 1745.9
  478.00  0.95497E+11 1150.4 1458.6 1747.8
  479.00  0.94902E+11 1150.4 1458.7 1749.7
  480.00  0.94311E+11 1150.4 1458.8 1751.6
  481.00  0.93724E+11 1150.4 1458.9 1753.4
  482.00  0.93139E+11 1150.4 1459.0 1755.3
  483.00  0.92558E+11 1150.4 1459.2 1757.2
  484.00  0.91981E+11 1150.4 1459.3 1759.1
  485.00  0.91406E+11 1150.5 1459.4 1761.0
  486.00  0.90835E+11 1150.5 1459.5 1762.8
  487.00  0.90267E+11 1150.5 1459.6 1764.7
  488.00  0.89703E+11 1150.5 1459.7 1766.6
  489.00  0.89142E+11 1150.5 1459.8 1768.5
  490.00  0.88584E+11 1150.5 1459.9 1770.4
  491.00  0.88030E+11 1150.5 1460.0 1772.3
  492.00  0.87479E+11 1150.5 1460.1 1774.1
  493.00  0.86931E+11 1150.5 1460.2 1776.0
  494.00  0.86386E+11 1150.5 1460.3 1777.9
  495.00  0.85845E+11 1150.5 1460.4 1779.8
  496.00  0.85308E+11 1150.5 1460.5 1781.7
  497.00  0.84773E+11 1150.5 1460.6 1783.6
  498.00  0.84242E+11 1150.5 1460.7 1785.5
  499.00  0.83714E+11 1150.5 1460.8 1787.3
  500.00  0.83190E+11 1150.5 1460.9 1789.2
  501.00  0.82669E+11 1150.5 1461.0 1791.1
  502.00  0.82151E+11 1150.5 1461.1 1793.0
  503.00  0.81636E+11 1150.5 1461.2 1794.9
  504.00  0.81125E+11 1150.5 1461.3 1796.8
  505.00  0.80617E+11 1150.5 1461.4 1798.7
  506.00  0.80112E+11 1150.5 1461.5 1800.6
  507.00  0.79611E+11 1150.5 1461.6 1802.5
  508.00  0.79112E+11 1150.5 1461.7 1804.4
  509.00  0.78617E+11 1150.6 1461.8 1806.3
  510.00  0.78126E+11 1150.6 1461.9 1808.2
  511.00  0.77637E+11 1150.6 1462.0 1810.1
  512.00  0.77152E+11 1150.6 1462.1 1812.0
  513.00  0.76670E+11 1150.6 1462.2 1813.9
  514.00  0.76191E+11 1150.6 1462.3 1815.9
  515.00  0.75715E+11 1150.6 1462.4 1817.8
  516.00  0.75242E+11 1150.6 1462.5 1819.7
  517.00  0.74773E+11 1150.6 1462.6 1821.7
  518.00  0.74306E+11 1150.6 1462.7 1823.6
  519.00  0.73843E+11 1150.6 1462.8 1825.5
  520.00  0.73383E+11 1150.6 1462.9 1827.5
  521.00  0.72926E+11 1150.6 1463.0 1829.5
  522.00  0.72472E+11 1150.6 1463.1 1831.4
  523.00  0.72021E+11 1150.6 1463.2 1833.4
  524.00  0.71573E+11 1150.6 1463.3 1835.4
  525.00  0.71129E+11 1150.6 1463.4 1837.4
  526.00  0.70687E+11 1150.6 1463.5 1839.4
  527.00  0.70248E+11 1150.6 1463.6 1841.4
  528.00  0.69813E+11 1150.6 1463.7 1843.4
  529.00  0.69380E+11 1150.6 1463.8 1845.5
  530.00  0.68950E+11 1150.6 1463.9 1847.6
  531.00  0.68524E+11 1150.6 1464.0 1849.6
  532.00  0.68100E+11 1150.6 1464.1 1851.7
  533.00  0.67679E+11 1150.6 1464.2 1853.9
  534.00  0.67261E+11 1150.6 1464.3 1856.0
  535.00  0.66846E+11 1150.6 1464.4 1858.2
  536.00  0.66434E+11 1150.6 1464.4 1860.3
  537.00  0.66024E+11 1150.6 1464.5 1862.6
  538.00  0.65618E+11 1150.6 1464.6 1864.8
  539.00  0.65214E+11 1150.6 1464.7 1867.1
  540.00  0.64814E+11 1150.6 1464.8 1869.4
  541.00  0.64416E+11 1150.6 1464.9 1871.7
  542.00  0.64020E+11 1150.6 1465.0 1874.1
  543.00  0.63628E+11 1150.6 1465.1 1876.5
  544.00  0.63238E+11 1150.6 1465.2 1878.9
  545.00  0.62851E+11 1150.6 1465.3 1881.4
  546.00  0.62467E+11 1150.6 1465.4 1883.9
  547.00  0.62086E+11 1150.6 1465.5 1886.4
  548.00  0.61707E+11 1150.6 1465.6 1889.0
  549.00  0.61331E+11 1150.6 1465.7 1891.7
  550.00  0.60957E+11 1150.6 1465.8 1894.3
  551.00  0.60586E+11 1150.6 1465.9 1897.0
  552.00  0.60218E+11 1150.6 1466.0 1899.8
  553.00  0.59853E+11 1150.6 1466.1 1902.6
  554.00  0.59490E+11 1150.6 1466.2 1905.4
  555.00  0.59129E+11 1150.6 1466.3 1908.3
  556.00  0.58771E+11 1150.6 1466.4 1911.2
  557.00  0.58416E+11 1150.6 1466.5 1914.1
  558.00  0.58063E+11 1150.6 1466.6 1917.1
  559.00  0.57713E+11 1150.6 1466.7 1920.1
  560.00  0.57365E+11 1150.6 1466.8 1923.2
  561.00  0.57020E+11 1150.7 1466.9 1926.3
  562.00  0.56677E+11 1150.7 1467.0 1929.4
  563.00  0.56337E+11 1150.7 1467.1 1932.5
  564.00  0.55999E+11 1150.7 1467.2 1935.7
  565.00  0.55663E+11 1150.7 1467.3 1938.9
  566.00  0.55330E+11 1150.7 1467.4 1942.1
  567.00  0.55000E+11 1150.7 1467.5 1945.3
  568.00  0.54671E+11 1150.7 1467.6 1948.6
  569.00  0.54345E+11 1150.7 1467.7 1951.9
  570.00  0.54022E+11 1150.7 1467.8 1955.2
  571.00  0.53700E+11 1150.7 1467.9 1958.5
  572.00  0.53381E+11 1150.7 1468.0 1961.8
  573.00  0.53064E+11 1150.7 1468.1 1965.2
  574.00  0.52750E+11 1150.7 1468.2 1968.5
  575.00  0.52438E+11 1150.7 1468.3 1971.9
  576.00  0.52128E+11 1150.7 1468.4 1975.3
  577.00  0.51820E+11 1150.7 1468.5 1978.7
  578.00  0.51514E+11 1150.7 1468.6 1982.1
  579.00  0.51211E+11 1150.7 1468.7 1985.5
  580.00  0.50910E+11 1150.7 1468.8 1988.9
  581.00  0.50611E+11 1150.7 1468.9 1992.3
  582.00  0.50314E+11 1150.7 1469.0 1995.8
  583.00  0.50019E+11 1150.7 1469.1 1999.2
  584.00  0.49726E+11 1150.7 1469.2 2002.6
  585.00  0.49436E+11 1150.7 1469.3 2006.1
  586.00  0.49147E+11 1150.7 1469.4 2009.5
  587.00  0.48861E+11 1150.7 1469.5 2013.0
  588.00  0.48576E+11 1150.7 1469.6 2016.5
  589.00  0.48294E+11 1150.7 1469.7 2019.9
  590.00  0.48014E+11 1150.7 1469.8 2023.4
  591.00  0.47736E+11 1150.7 1469.9 2026.9
  592.00  0.47459E+11 1150.7 1470.0 2030.4
  593.00  0.47185E+11 1150.7 1470.1 2033.8
  594.00  0.46913E+11 1150.7 1470.1 2037.3
  595.00  0.46642E+11 1150.7 1470.2 2040.8
  596.00  0.46374E+11 1150.7 1470.3 2044.3
  597.00  0.46107E+11 1150.7 1470.4 2047.8
  598.00  0.45843E+11 1150.7 1470.5 2051.3
  599.00  0.45580E+11 1150.7 1470.6 2054.7
  600.00  0.45319E+11 1150.7 1470.7 2058.2
  601.00  0.45060E+11 1150.7 1470.8 2061.7
  602.00  0.44803E+11 1150.7 1470.9 2065.2
  603.00  0.44548E+11 1150.7 1471.0 2068.7
  604.00  0.44294E+11 1150.7 1471.1 2072.2
  605.00  0.44042E+11 1150.7 1471.2 2075.7
  606.00  0.43793E+11 1150.7 1471.3 2079.2
  607.00  0.43544E+11 1150.7 1471.4 2082.7
  608.00  0.43298E+11 1150.7 1471.5 2086.2
  609.00  0.43054E+11 1150.7 1471.6 2089.7
  610.00  0.42811E+11 1150.7 1471.7 2093.2
  611.00  0.42570E+11 1150.7 1471.8 2096.7
  612.00  0.42330E+11 1150.7 1471.9 2100.2
  613.00  0.42093E+11 1150.7 1472.0 2103.7
  614.00  0.41857E+11 1150.7 1472.1 2107.2
  615.00  0.41622E+11 1150.7 1472.2 2110.7
  616.00  0.41390E+11 1150.7 1472.3 2114.2
  617.00  0.41159E+11 1150.7 1472.4 2117.7
  618.00  0.40929E+11 1150.7 1472.5 2121.2
  619.00  0.40702E+11 1150.7 1472.6 2124.7
  620.00  0.40475E+11 1150.7 1472.7 2128.2
  621.00  0.40251E+11 1150.7 1472.8 2131.6
  622.00  0.40028E+11 1150.7 1472.9 2135.1
  623.00  0.39807E+11 1150.7 1473.0 2138.6
  624.00  0.39587E+11 1150.7 1473.1 2142.1
  625.00  0.39369E+11 1150.7 1473.2 2145.6
  626.00  0.39152E+11 1150.7 1473.3 2149.1
  627.00  0.38937E+11 1150.7 1473.4 2152.6
  628.00  0.38723E+11 1150.7 1473.5 2156.1
  629.00  0.38511E+11 1150.7 1473.6 2159.6
  630.00  0.38300E+11 1150.7 1473.7 2163.1
  631.00  0.38091E+11 1150.7 1473.8 2166.6
  632.00  0.37884E+11 1150.7 1473.9 2170.1
  633.00  0.37677E+11 1150.7 1474.0 2173.6
  634.00  0.37472E+11 1150.7 1474.1 2177.1
  635.00  0.37269E+11 1150.7 1474.2 2180.6
  636.00  0.37067E+11 1150.7 1474.3 2184.1
  637.00  0.36867E+11 1150.7 1474.4 2187.6
  638.00  0.36668E+11 1150.7 1474.5 2191.1
  639.00  0.36470E+11 1150.7 1474.6 2194.7
  640.00  0.36273E+11 1150.7 1474.7 2198.2
  641.00  0.36078E+11 1150.7 1474.8 2201.7
  642.00  0.35885E+11 1150.7 1474.9 2205.2
  643.00  0.35693E+11 1150.7 1475.0 2208.7
  644.00  0.35502E+11 1150.7 1475.1 2212.2
  645.00  0.35312E+11 1150.7 1475.2 2215.7
  646.00  0.35124E+11 1150.7 1475.3 2219.2
  647.00  0.34937E+11 1150.7 1475.4 2222.7
  648.00  0.34751E+11 1150.7 1475.5 2226.2
  649.00  0.34567E+11 1150.7 1475.6 2229.7
  650.00  0.34384E+11 1150.7 1475.7 2233.2
  651.00  0.34202E+11 1150.7 1475.7 2236.7
  652.00  0.34021E+11 1150.7 1475.8 2240.2
  653.00  0.33842E+11 1150.7 1475.9 2243.7
  654.00  0.33664E+11 1150.7 1476.0 2247.2
  655.00  0.33487E+11 1150.7 1476.1 2250.7
  656.00  0.33311E+11 1150.7 1476.2 2254.2
  657.00  0.33137E+11 1150.7 1476.3 2257.7
  658.00  0.32964E+11 1150.7 1476.4 2261.2
  659.00  0.32791E+11 1150.7 1476.5 2264.7
  660.00  0.32621E+11 1150.7 1476.6 2268.2
  661.00  0.32451E+11 1150.7 1476.7 2271.7
  662.00  0.32282E+11 1150.7 1476.8 2275.2
  663.00  0.32115E+11 1150.7 1476.9 2278.7
  664.00  0.31949E+11 1150.7 1477.0 2282.2
  665.00  0.31784E+11 1150.7 1477.1 2285.7
  666.00  0.31620E+11 1150.7 1477.2 2289.2
  667.00  0.31457E+11 1150.7 1477.3 2292.7
  668.00  0.31295E+11 1150.7 1477.4 2296.2
  669.00  0.31134E+11 1150.7 1477.5 2299.7
  670.00  0.30975E+11 1150.7 1477.6 2303.2
  671.00  0.30816E+11 1150.7 1477.7 2306.7
  672.00  0.30659E+11 1150.7 1477.8 2310.2
  673.00  0.30502E+11 1150.7 1477.9 2313.7
  674.00  0.30347E+11 1150.7 1478.0 2317.2
  675.00  0.30193E+11 1150.7 1478.1 2320.7
  676.00  0.30040E+11 1150.7 1478.2 2324.2
  677.00  0.29888E+11 1150.7 1478.3 2327.7
  678.00  0.29736E+11 1150.7 1478.4 2331.2
  679.00  0.29586E+11 1150.7 1478.5 2334.7
  680.00  0.29437E+11 1150.7 1478.6 2338.2
  681.00  0.29289E+11 1150.7 1478.7 2341.7
  682.00  0.29142E+11 1150.7 1478.8 2345.2
  683.00  0.28996E+11 1150.7 1478.9 2348.7
  684.00  0.28851E+11 1150.7 1479.0 2352.2
  685.00  0.28707E+11 1150.7 1479.1 2355.7
  686.00  0.28563E+11 1150.7 1479.2 2359.2
  687.00  0.28421E+11 1150.7 1479.3 2362.7
  688.00  0.28280E+11 1150.7 1479.4 2366.2
  689.00  0.28139E+11 1150.7 1479.5 2369.7
  690.00  0.28000E+11 1150.7 1479.6 2373.2
  691.00  0.27861E+11 1150.7 1479.7 2376.7
  692.00  0.27724E+11 1150.7 1479.8 2380.2
  693.00  0.27587E+11 1150.7 1479.9 2383.7
  694.00  0.27451E+11 1150.7 1480.0 2387.2
  695.00  0.27316E+11 1150.7 1480.1 2390.7
  696.00  0.27182E+11 1150.7 1480.2 2394.2
  697.00  0.27049E+11 1150.7 1480.3 2397.7
  698.00  0.26917E+11 1150.7 1480.4 2401.2
  699.00  0.26786E+11 1150.7 1480.5 2404.7
  700.00  0.26655E+11 1150.7 1480.6 2408.2
  701.00  0.26526E+11 1150.7 1480.7 2411.7
  702.00  0.26397E+11 1150.7 1480.8 2415.2
  703.00  0.26269E+11 1150.7 1480.9 2418.7
  704.00  0.26142E+11 1150.7 1481.0 2422.2
  705.00  0.26015E+11 1150.7 1481.1 2425.7
  706.00  0.25890E+11 1150.7 1481.2 2429.2
  707.00  0.25765E+11 1150.7 1481.3 2432.6
  708.00  0.25642E+11 1150.7 1481.4 2436.1
  709.00  0.25519E+11 1150.7 1481.4 2439.6
  710.00  0.25396E+11 1150.7 1481.5 2443.1
  711.00  0.25275E+11 1150.7 1481.6 2446.6
  712.00  0.25154E+11 1150.7 1481.7 2450.1
  713.00  0.25034E+11 1150.7 1481.8 2453.6
  714.00  0.24915E+11 1150.7 1481.9 2457.1
  715.00  0.24797E+11 1150.7 1482.0 2460.6
  716.00  0.24679E+11 1150.7 1482.1 2464.1
  717.00  0.24563E+11 1150.7 1482.2 2467.6
  718.00  0.24447E+11 1150.7 1482.3 2471.1
  719.00  0.24331E+11 1150.7 1482.4 2474.6
  720.00  0.24217E+11 1150.7 1482.5 2478.1
  721.00  0.24103E+11 1150.7 1482.6 2481.6
  722.00  0.23990E+11 1150.7 1482.7 2485.1
  723.00  0.23878E+11 1150.7 1482.8 2488.6
  724.00  0.23766E+11 1150.7 1482.9 2492.1
  725.00  0.23655E+11 1150.7 1483.0 2495.6
  726.00  0.23545E+11 1150.7 1483.1 2499.1
  727.00  0.23435E+11 1150.7 1483.2 2502.6
  728.00  0.23326E+11 1150.7 1483.3 2506.1
  729.00  0.23218E+11 1150.7 1483.4 2509.6
  730.00  0.23111E+11 1150.7 1483.5 2513.1
  731.00  0.23004E+11 1150.7 1483.6 2516.5
  732.00  0.22898E+11 1150.7 1483.7 2520.0
  733.00  0.22792E+11 1150.7 1483.8 2523.5
  734.00  0.22688E+11 1150.7 1483.9 2527.0
  735.00  0.22584E+11 1150.7 1484.0 2530.5
  736.00  0.22480E+11 1150.7 1484.1 2534.0
  737.00  0.22377E+11 1150.7 1484.2 2537.5
  738.00  0.22275E+11 1150.7 1484.3 2541.0
  739.00  0.22174E+11 1150.7 1484.4 2544.5
  740.00  0.22073E+11 1150.7 1484.5 2548.0
  741.00  0.21973E+11 1150.7 1484.6 2551.4
  742.00  0.21873E+11 1150.7 1484.7 2554.9
  743.00  0.21774E+11 1150.7 1484.8 2558.4
  744.00  0.21676E+11 1150.7 1484.9 2561.9
  745.00  0.21578E+11 1150.7 1485.0 2565.4
  746.00  0.21481E+11 1150.7 1485.1 2568.9
  747.00  0.21384E+11 1150.7 1485.2 2572.3
  748.00  0.21288E+11 1150.7 1485.3 2575.8
  749.00  0.21193E+11 1150.7 1485.4 2579.3
  750.00  0.21098E+11 1150.7 1485.5 2582.8
  751.00  0.21004E+11 1150.7 1485.6 2586.3
  752.00  0.20910E+11 1150.7 1485.7 2589.7
  753.00  0.20817E+11 1150.7 1485.8 2593.2
  754.00  0.20725E+11 1150.7 1485.9 2596.7
  755.00  0.20633E+11 1150.7 1486.0 2600.2
  756.00  0.20542E+11 1150.7 1486.1 2603.6
  757.00  0.20451E+11 1150.7 1486.2 2607.1
  758.00  0.20361E+11 1150.7 1486.3 2610.6
  759.00  0.20271E+11 1150.7 1486.4 2614.0
  760.00  0.20182E+11 1150.7 1486.5 2617.5
  761.00  0.20093E+11 1150.7 1486.6 2621.0
  762.00  0.20005E+11 1150.7 1486.7 2624.4
  763.00  0.19918E+11 1150.7 1486.8 2627.9
  764.00  0.19831E+11 1150.7 1486.9 2631.3
  765.00  0.19744E+11 1150.7 1487.0 2634.8
  766.00  0.19659E+11 1150.7 1487.0 2638.2
  767.00  0.19573E+11 1150.7 1487.1 2641.7
  768.00  0.19488E+11 1150.7 1487.2 2645.1
  769.00  0.19404E+11 1150.7 1487.3 2648.6
  770.00  0.19320E+11 1150.7 1487.4 2652.0
  771.00  0.19237E+11 1150.7 1487.5 2655.5
  772.00  0.19154E+11 1150.7 1487.6 2658.9
  773.00  0.19072E+11 1150.7 1487.7 2662.3
  774.00  0.18990E+11 1150.7 1487.8 2665.8
  775.00  0.18908E+11 1150.7 1487.9 2669.2
  776.00  0.18827E+11 1150.7 1488.0 2672.6
  777.00  0.18747E+11 1150.7 1488.1 2676.0
  778.00  0.18667E+11 1150.7 1488.2 2679.5
  779.00  0.18588E+11 1150.7 1488.3 2682.9
  780.00  0.18509E+11 1150.7 1488.4 2686.3
  781.00  0.18430E+11 1150.7 1488.5 2689.7
  782.00  0.18352E+11 1150.7 1488.6 2693.1
  783.00  0.18275E+11 1150.7 1488.7 2696.5
  784.00  0.18198E+11 1150.7 1488.8 2699.8
  785.00  0.18121E+11 1150.7 1488.9 2703.2
  786.00  0.18045E+11 1150.7 1489.0 2706.6
  787.00  0.17969E+11 1150.7 1489.1 2710.0
  788.00  0.17894E+11 1150.7 1489.2 2713.3
  789.00  0.17819E+11 1150.7 1489.3 2716.7
  790.00  0.17744E+11 1150.7 1489.4 2720.0
  791.00  0.17670E+11 1150.7 1489.5 2723.4
  792.00  0.17597E+11 1150.7 1489.6 2726.7
  793.00  0.17524E+11 1150.7 1489.7 2730.0
  794.00  0.17451E+11 1150.7 1489.8 2733.3
  795.00  0.17379E+11 1150.7 1489.9 2736.6
  796.00  0.17307E+11 1150.7 1490.0 2739.9
  797.00  0.17236E+11 1150.7 1490.1 2743.2
  798.00  0.17165E+11 1150.7 1490.2 2746.5
  799.00  0.17094E+11 1150.7 1490.3 2749.7
  800.00  0.17024E+11 1150.7 1490.4 2753.0
