   Selected parameters are:
1 Height, km
2 O, cm-3 
3 N2, cm-3
4 O2, cm-3
5 Temperature_neutral, K
6 Temperature_exospheric, K

      1          2          3          4      5     6
  100.0  3.689E+11  9.411E+12  2.287E+12  189.1  1037
  101.0  3.569E+11  7.854E+12  1.883E+12  190.3  1037
  102.0  3.408E+11  6.537E+12  1.545E+12  192.5  1037
  103.0  3.218E+11  5.431E+12  1.263E+12  195.5  1037
  104.0  3.012E+11  4.507E+12  1.030E+12  199.3  1037
  105.0  2.798E+11  3.740E+12  8.391E+11  204.0  1037
  106.0  2.583E+11  3.105E+12  6.829E+11  209.7  1037
  107.0  2.372E+11  2.581E+12  5.558E+11  216.3  1037
  108.0  2.170E+11  2.148E+12  4.526E+11  223.8  1037
  109.0  1.978E+11  1.792E+12  3.689E+11  232.5  1037
  110.0  1.797E+11  1.498E+12  3.013E+11  242.3  1037
  111.0  1.630E+11  1.256E+12  2.465E+11  253.3  1037
  112.0  1.475E+11  1.056E+12  2.023E+11  265.7  1037
  113.0  1.334E+11  8.913E+11  1.666E+11  279.4  1037
  114.0  1.205E+11  7.550E+11  1.377E+11  294.5  1037
  115.0  1.089E+11  6.422E+11  1.143E+11  311.0  1037
  116.0  9.839E+10  5.487E+11  9.533E+10  328.8  1037
  117.0  8.904E+10  4.713E+11  7.998E+10  347.9  1037
  118.0  8.076E+10  4.071E+11  6.753E+10  367.9  1037
  119.0  7.347E+10  3.539E+11  5.743E+10  388.5  1037
  120.0  6.714E+10  3.100E+11  4.925E+10  409.0  1037
  121.0  6.171E+10  2.739E+11  4.263E+10  428.6  1037
  122.0  5.714E+10  2.444E+11  3.730E+10  446.4  1037
  123.0  5.337E+10  2.204E+11  3.301E+10  461.0  1031
  124.0  5.008E+10  2.000E+11  2.943E+10  474.3  1031
  125.0  4.707E+10  1.821E+11  2.634E+10  487.2  1031
  126.0  4.432E+10  1.663E+11  2.367E+10  499.8  1031
  127.0  4.179E+10  1.523E+11  2.135E+10  512.1  1031
  128.0  3.947E+10  1.399E+11  1.932E+10  524.1  1031
  129.0  3.733E+10  1.288E+11  1.754E+10  535.9  1031
  130.0  3.535E+10  1.189E+11  1.598E+10  547.3  1031
  131.0  3.353E+10  1.099E+11  1.459E+10  558.5  1031
  132.0  3.183E+10  1.019E+11  1.336E+10  569.5  1031
  133.0  3.025E+10  9.457E+10  1.226E+10  580.1  1031
  134.0  2.879E+10  8.797E+10  1.128E+10  590.6  1031
  135.0  2.742E+10  8.196E+10  1.041E+10  600.8  1031
  136.0  2.615E+10  7.649E+10  9.616E+09  610.7  1031
  137.0  2.496E+10  7.149E+10  8.903E+09  620.4  1031
  138.0  2.385E+10  6.691E+10  8.257E+09  629.9  1031
  139.0  2.280E+10  6.271E+10  7.672E+09  639.2  1031
  140.0  2.182E+10  5.885E+10  7.139E+09  648.2  1031
  141.0  2.090E+10  5.529E+10  6.653E+09  657.0  1031
  142.0  2.004E+10  5.201E+10  6.210E+09  665.7  1031
  143.0  1.922E+10  4.898E+10  5.803E+09  674.1  1031
  144.0  1.845E+10  4.617E+10  5.430E+09  682.3  1031
  145.0  1.773E+10  4.357E+10  5.087E+09  690.3  1031
  146.0  1.704E+10  4.116E+10  4.772E+09  698.2  1031
  147.0  1.640E+10  3.891E+10  4.480E+09  705.9  1031
  148.0  1.578E+10  3.682E+10  4.211E+09  713.3  1031
  149.0  1.520E+10  3.487E+10  3.962E+09  720.7  1031
  150.0  1.465E+10  3.305E+10  3.731E+09  727.8  1031
  151.0  1.413E+10  3.134E+10  3.516E+09  734.8  1031
  152.0  1.363E+10  2.975E+10  3.317E+09  741.6  1031
  153.0  1.316E+10  2.826E+10  3.131E+09  748.2  1031
  154.0  1.271E+10  2.686E+10  2.958E+09  754.7  1031
  155.0  1.228E+10  2.555E+10  2.797E+09  761.1  1031
  156.0  1.187E+10  2.432E+10  2.646E+09  767.3  1031
  157.0  1.148E+10  2.316E+10  2.505E+09  773.3  1031
  158.0  1.111E+10  2.206E+10  2.373E+09  779.2  1031
  159.0  1.076E+10  2.103E+10  2.249E+09  785.0  1031
  160.0  1.042E+10  2.006E+10  2.134E+09  790.7  1031
  161.0  1.009E+10  1.910E+10  2.025E+09  796.2  1031
  162.0  9.780E+09  1.824E+10  1.923E+09  801.5  1031
  163.0  9.483E+09  1.743E+10  1.826E+09  806.8  1031
  164.0  9.197E+09  1.666E+10  1.736E+09  811.9  1031
  165.0  8.923E+09  1.593E+10  1.651E+09  816.9  1031
  166.0  8.661E+09  1.524E+10  1.571E+09  821.8  1031
  167.0  8.408E+09  1.458E+10  1.495E+09  826.6  1031
  168.0  8.166E+09  1.396E+10  1.424E+09  831.3  1031
  169.0  7.933E+09  1.337E+10  1.356E+09  835.9  1031
  170.0  7.709E+09  1.281E+10  1.292E+09  840.3  1031
  171.0  7.494E+09  1.228E+10  1.232E+09  844.7  1031
  172.0  7.287E+09  1.177E+10  1.175E+09  848.9  1031
  173.0  7.087E+09  1.129E+10  1.121E+09  853.1  1031
  174.0  6.895E+09  1.083E+10  1.070E+09  857.2  1031
  175.0  6.709E+09  1.040E+10  1.022E+09  861.1  1031
  176.0  6.530E+09  9.982E+09  9.759E+08  865.0  1031
  177.0  6.358E+09  9.585E+09  9.324E+08  868.8  1031
  178.0  6.191E+09  9.208E+09  8.911E+08  872.5  1031
  179.0  6.030E+09  8.847E+09  8.518E+08  876.1  1031
  180.0  5.875E+09  8.503E+09  8.146E+08  879.6  1031
  181.0  5.725E+09  8.174E+09  7.791E+08  883.1  1031
  182.0  5.580E+09  7.860E+09  7.455E+08  886.4  1031
  183.0  5.440E+09  7.560E+09  7.134E+08  889.7  1031
  184.0  5.304E+09  7.273E+09  6.829E+08  892.9  1031
  185.0  5.172E+09  6.999E+09  6.539E+08  896.1  1031
  186.0  5.045E+09  6.737E+09  6.263E+08  899.1  1031
  187.0  4.922E+09  6.485E+09  6.000E+08  902.1  1031
  188.0  4.803E+09  6.245E+09  5.749E+08  905.0  1031
  189.0  4.687E+09  6.014E+09  5.510E+08  907.9  1031
  190.0  4.575E+09  5.794E+09  5.282E+08  910.7  1031
  191.0  4.467E+09  5.582E+09  5.064E+08  913.4  1031
  192.0  4.361E+09  5.379E+09  4.857E+08  916.1  1031
  193.0  4.259E+09  5.185E+09  4.659E+08  918.7  1031
  194.0  4.160E+09  4.998E+09  4.469E+08  921.2  1031
  195.0  4.064E+09  4.819E+09  4.289E+08  923.7  1031
  196.0  3.970E+09  4.648E+09  4.116E+08  926.2  1031
  197.0  3.880E+09  4.483E+09  3.951E+08  928.5  1031
  198.0  3.792E+09  4.324E+09  3.793E+08  930.8  1031
  199.0  3.706E+09  4.172E+09  3.642E+08  933.1  1031
  200.0  3.623E+09  4.026E+09  3.498E+08  935.3  1031
  201.0  3.542E+09  3.885E+09  3.362E+08  937.5  1031
  202.0  3.463E+09  3.750E+09  3.230E+08  939.6  1031
  203.0  3.387E+09  3.620E+09  3.103E+08  941.7  1031
  204.0  3.312E+09  3.496E+09  2.982E+08  943.7  1031
  205.0  3.240E+09  3.375E+09  2.866E+08  945.6  1031
  206.0  3.169E+09  3.260E+09  2.755E+08  947.6  1031
  207.0  3.101E+09  3.149E+09  2.649E+08  949.4  1031
  208.0  3.034E+09  3.042E+09  2.547E+08  951.3  1031
  209.0  2.969E+09  2.939E+09  2.449E+08  953.1  1031
  210.0  2.906E+09  2.839E+09  2.355E+08  954.8  1031
  211.0  2.844E+09  2.744E+09  2.266E+08  956.5  1031
  212.0  2.784E+09  2.652E+09  2.179E+08  958.2  1031
  213.0  2.725E+09  2.563E+09  2.097E+08  959.9  1031
  214.0  2.668E+09  2.478E+09  2.018E+08  961.5  1031
  215.0  2.612E+09  2.395E+09  1.942E+08  963.0  1031
  216.0  2.558E+09  2.316E+09  1.869E+08  964.5  1031
  217.0  2.505E+09  2.239E+09  1.799E+08  966.0  1031
  218.0  2.454E+09  2.165E+09  1.731E+08  967.5  1031
  219.0  2.403E+09  2.094E+09  1.667E+08  968.9  1031
  220.0  2.354E+09  2.026E+09  1.605E+08  970.3  1031
  221.0  2.306E+09  1.959E+09  1.545E+08  971.7  1031
  222.0  2.259E+09  1.896E+09  1.488E+08  973.0  1031
  223.0  2.214E+09  1.834E+09  1.433E+08  974.3  1031
  224.0  2.169E+09  1.774E+09  1.381E+08  975.6  1031
  225.0  2.126E+09  1.717E+09  1.330E+08  976.8  1031
  226.0  2.083E+09  1.662E+09  1.281E+08  978.0  1031
  227.0  2.042E+09  1.608E+09  1.234E+08  979.2  1031
  228.0  2.001E+09  1.556E+09  1.189E+08  980.4  1031
  229.0  1.961E+09  1.506E+09  1.146E+08  981.5  1031
  230.0  1.923E+09  1.458E+09  1.104E+08  982.6  1031
  231.0  1.885E+09  1.412E+09  1.064E+08  983.7  1031
  232.0  1.848E+09  1.367E+09  1.026E+08  984.7  1031
  233.0  1.812E+09  1.323E+09  9.887E+07  985.8  1031
  234.0  1.777E+09  1.281E+09  9.531E+07  986.8  1031
  235.0  1.742E+09  1.241E+09  9.188E+07  987.7  1031
  236.0  1.708E+09  1.201E+09  8.858E+07  988.7  1031
  237.0  1.675E+09  1.164E+09  8.541E+07  989.6  1031
  238.0  1.643E+09  1.127E+09  8.235E+07  990.6  1031
  239.0  1.612E+09  1.092E+09  7.941E+07  991.5  1031
  240.0  1.581E+09  1.057E+09  7.658E+07  992.3  1031
  241.0  1.551E+09  1.024E+09  7.386E+07  993.2  1031
  242.0  1.521E+09  9.922E+08  7.123E+07  994.0  1031
  243.0  1.492E+09  9.612E+08  6.871E+07  994.9  1031
  244.0  1.464E+09  9.313E+08  6.627E+07  995.7  1031
  245.0  1.436E+09  9.023E+08  6.393E+07  996.4  1031
  246.0  1.409E+09  8.743E+08  6.167E+07  997.2  1031
  247.0  1.383E+09  8.472E+08  5.950E+07  998.0  1031
  248.0  1.357E+09  8.209E+08  5.741E+07  998.7  1031
  249.0  1.332E+09  7.956E+08  5.539E+07  999.4  1031
  250.0  1.307E+09  7.710E+08  5.344E+07 1000.1  1031
  251.0  1.282E+09  7.472E+08  5.157E+07 1000.8  1031
  252.0  1.259E+09  7.243E+08  4.977E+07 1001.4  1031
  253.0  1.235E+09  7.020E+08  4.803E+07 1002.1  1031
  254.0  1.212E+09  6.805E+08  4.635E+07 1002.7  1031
  255.0  1.190E+09  6.596E+08  4.473E+07 1003.3  1031
  256.0  1.168E+09  6.394E+08  4.318E+07 1004.0  1031
  257.0  1.147E+09  6.199E+08  4.168E+07 1004.6  1031
  258.0  1.126E+09  6.010E+08  4.023E+07 1005.1  1031
  259.0  1.105E+09  5.826E+08  3.883E+07 1005.7  1031
  260.0  1.085E+09  5.649E+08  3.749E+07 1006.3  1031
  261.0  1.065E+09  5.477E+08  3.619E+07 1006.8  1031
  262.0  1.046E+09  5.311E+08  3.494E+07 1007.3  1031
  263.0  1.027E+09  5.150E+08  3.373E+07 1007.8  1031
  264.0  1.008E+09  4.994E+08  3.257E+07 1008.4  1031
  265.0  9.899E+08  4.842E+08  3.145E+07 1008.8  1031
  266.0  9.720E+08  4.696E+08  3.037E+07 1009.3  1031
  267.0  9.545E+08  4.554E+08  2.932E+07 1009.8  1031
  268.0  9.373E+08  4.417E+08  2.831E+07 1010.3  1031
  269.0  9.205E+08  4.284E+08  2.734E+07 1010.7  1031
  270.0  9.040E+08  4.155E+08  2.641E+07 1011.2  1031
  271.0  8.878E+08  4.030E+08  2.550E+07 1011.6  1031
  272.0  8.719E+08  3.909E+08  2.463E+07 1012.0  1031
  273.0  8.564E+08  3.791E+08  2.379E+07 1012.4  1031
  274.0  8.411E+08  3.678E+08  2.298E+07 1012.8  1031
  275.0  8.261E+08  3.568E+08  2.219E+07 1013.2  1031
  276.0  8.115E+08  3.461E+08  2.144E+07 1013.6  1031
  277.0  7.971E+08  3.357E+08  2.071E+07 1014.0  1031
  278.0  7.829E+08  3.257E+08  2.000E+07 1014.4  1031
  279.0  7.691E+08  3.160E+08  1.932E+07 1014.7  1031
  280.0  7.555E+08  3.066E+08  1.867E+07 1015.1  1031
  281.0  7.422E+08  2.974E+08  1.803E+07 1015.4  1031
  282.0  7.291E+08  2.886E+08  1.742E+07 1015.7  1031
  283.0  7.163E+08  2.800E+08  1.683E+07 1016.1  1031
  284.0  7.037E+08  2.717E+08  1.626E+07 1016.4  1031
  285.0  6.914E+08  2.636E+08  1.571E+07 1016.7  1031
  286.0  6.793E+08  2.558E+08  1.518E+07 1017.0  1031
  287.0  6.674E+08  2.482E+08  1.467E+07 1017.3  1031
  288.0  6.557E+08  2.409E+08  1.417E+07 1017.6  1031
  289.0  6.443E+08  2.337E+08  1.370E+07 1017.9  1031
  290.0  6.330E+08  2.268E+08  1.324E+07 1018.2  1031
  291.0  6.220E+08  2.201E+08  1.279E+07 1018.5  1031
  292.0  6.112E+08  2.136E+08  1.236E+07 1018.7  1031
  293.0  6.006E+08  2.073E+08  1.194E+07 1019.0  1031
  294.0  5.902E+08  2.012E+08  1.154E+07 1019.2  1031
  295.0  5.800E+08  1.953E+08  1.116E+07 1019.5  1031
  296.0  5.699E+08  1.895E+08  1.078E+07 1019.7  1031
  297.0  5.601E+08  1.840E+08  1.042E+07 1020.0  1031
  298.0  5.504E+08  1.785E+08  1.007E+07 1020.2  1031
  299.0  5.409E+08  1.733E+08  9.734E+06 1020.4  1031
  300.0  5.315E+08  1.682E+08  9.408E+06 1020.7  1031
  301.0  5.223E+08  1.633E+08  9.094E+06 1020.9  1031
  302.0  5.133E+08  1.585E+08  8.790E+06 1021.1  1031
  303.0  5.045E+08  1.538E+08  8.496E+06 1021.3  1031
  304.0  4.959E+08  1.493E+08  8.213E+06 1021.5  1031
  305.0  4.874E+08  1.450E+08  7.939E+06 1021.7  1031
  306.0  4.790E+08  1.407E+08  7.675E+06 1021.9  1031
  307.0  4.708E+08  1.366E+08  7.419E+06 1022.1  1031
  308.0  4.628E+08  1.326E+08  7.172E+06 1022.3  1031
  309.0  4.549E+08  1.288E+08  6.933E+06 1022.5  1031
  310.0  4.471E+08  1.250E+08  6.703E+06 1022.6  1031
  311.0  4.395E+08  1.214E+08  6.480E+06 1022.8  1031
  312.0  4.320E+08  1.178E+08  6.265E+06 1023.0  1031
  313.0  4.247E+08  1.144E+08  6.057E+06 1023.2  1031
  314.0  4.174E+08  1.111E+08  5.856E+06 1023.3  1031
  315.0  4.104E+08  1.078E+08  5.662E+06 1023.5  1031
  316.0  4.034E+08  1.047E+08  5.474E+06 1023.6  1031
  317.0  3.965E+08  1.017E+08  5.293E+06 1023.8  1031
  318.0  3.898E+08  9.870E+07  5.118E+06 1023.9  1031
  319.0  3.832E+08  9.584E+07  4.949E+06 1024.1  1031
  320.0  3.767E+08  9.306E+07  4.785E+06 1024.2  1031
  321.0  3.704E+08  9.036E+07  4.627E+06 1024.4  1031
  322.0  3.641E+08  8.774E+07  4.474E+06 1024.5  1031
  323.0  3.580E+08  8.520E+07  4.326E+06 1024.6  1031
  324.0  3.519E+08  8.273E+07  4.184E+06 1024.8  1031
  325.0  3.460E+08  8.034E+07  4.046E+06 1024.9  1031
  326.0  3.402E+08  7.802E+07  3.912E+06 1025.0  1031
  327.0  3.345E+08  7.576E+07  3.783E+06 1025.1  1031
  328.0  3.288E+08  7.357E+07  3.659E+06 1025.3  1031
  329.0  3.233E+08  7.145E+07  3.538E+06 1025.4  1031
  330.0  3.179E+08  6.939E+07  3.422E+06 1025.5  1031
  331.0  3.126E+08  6.739E+07  3.309E+06 1025.6  1031
  332.0  3.073E+08  6.544E+07  3.201E+06 1025.7  1031
  333.0  3.022E+08  6.356E+07  3.095E+06 1025.8  1031
  334.0  2.971E+08  6.173E+07  2.994E+06 1025.9  1031
  335.0  2.921E+08  5.995E+07  2.896E+06 1026.0  1031
  336.0  2.873E+08  5.822E+07  2.801E+06 1026.1  1031
  337.0  2.825E+08  5.655E+07  2.709E+06 1026.2  1031
  338.0  2.777E+08  5.492E+07  2.620E+06 1026.3  1031
  339.0  2.731E+08  5.334E+07  2.534E+06 1026.4  1031
  340.0  2.685E+08  5.181E+07  2.451E+06 1026.5  1031
  341.0  2.641E+08  5.032E+07  2.371E+06 1026.6  1031
  342.0  2.597E+08  4.888E+07  2.293E+06 1026.7  1031
  343.0  2.553E+08  4.748E+07  2.218E+06 1026.8  1031
  344.0  2.511E+08  4.612E+07  2.146E+06 1026.8  1031
  345.0  2.469E+08  4.479E+07  2.076E+06 1026.9  1031
  346.0  2.428E+08  4.351E+07  2.008E+06 1027.0  1031
  347.0  2.388E+08  4.226E+07  1.942E+06 1027.1  1031
  348.0  2.348E+08  4.105E+07  1.879E+06 1027.2  1031
  349.0  2.309E+08  3.988E+07  1.818E+06 1027.2  1031
  350.0  2.271E+08  3.874E+07  1.758E+06 1027.3  1031
  351.0  2.233E+08  3.763E+07  1.701E+06 1027.4  1031
  352.0  2.196E+08  3.656E+07  1.646E+06 1027.5  1031
  353.0  2.160E+08  3.551E+07  1.592E+06 1027.5  1031
  354.0  2.124E+08  3.450E+07  1.540E+06 1027.6  1031
  355.0  2.089E+08  3.351E+07  1.490E+06 1027.7  1031
  356.0  2.055E+08  3.256E+07  1.442E+06 1027.7  1031
  357.0  2.021E+08  3.163E+07  1.395E+06 1027.8  1031
  358.0  1.987E+08  3.073E+07  1.349E+06 1027.8  1031
  359.0  1.955E+08  2.985E+07  1.305E+06 1027.9  1031
  360.0  1.922E+08  2.900E+07  1.263E+06 1028.0  1031
  361.0  1.891E+08  2.817E+07  1.222E+06 1028.0  1031
  362.0  1.860E+08  2.737E+07  1.182E+06 1028.1  1031
  363.0  1.829E+08  2.659E+07  1.144E+06 1028.1  1031
  364.0  1.799E+08  2.584E+07  1.107E+06 1028.2  1031
  365.0  1.769E+08  2.510E+07  1.071E+06 1028.2  1031
  366.0  1.740E+08  2.439E+07  1.036E+06 1028.3  1031
  367.0  1.712E+08  2.370E+07  1.003E+06 1028.3  1031
  368.0  1.684E+08  2.302E+07  9.703E+05 1028.4  1031
  369.0  1.656E+08  2.237E+07  9.389E+05 1028.4  1031
  370.0  1.629E+08  2.173E+07  9.085E+05 1028.5  1031
  371.0  1.602E+08  2.112E+07  8.791E+05 1028.5  1031
  372.0  1.576E+08  2.052E+07  8.507E+05 1028.6  1031
  373.0  1.550E+08  1.994E+07  8.232E+05 1028.6  1031
  374.0  1.525E+08  1.937E+07  7.966E+05 1028.7  1031
  375.0  1.500E+08  1.882E+07  7.708E+05 1028.7  1031
  376.0  1.475E+08  1.829E+07  7.459E+05 1028.7  1031
  377.0  1.451E+08  1.777E+07  7.219E+05 1028.8  1031
  378.0  1.427E+08  1.727E+07  6.986E+05 1028.8  1031
  379.0  1.404E+08  1.678E+07  6.760E+05 1028.9  1031
  380.0  1.381E+08  1.631E+07  6.542E+05 1028.9  1031
  381.0  1.358E+08  1.585E+07  6.331E+05 1028.9  1031
  382.0  1.336E+08  1.540E+07  6.127E+05 1029.0  1031
  383.0  1.314E+08  1.496E+07  5.930E+05 1029.0  1031
  384.0  1.293E+08  1.454E+07  5.739E+05 1029.0  1031
  385.0  1.272E+08  1.413E+07  5.554E+05 1029.1  1031
  386.0  1.251E+08  1.373E+07  5.376E+05 1029.1  1031
  387.0  1.231E+08  1.334E+07  5.203E+05 1029.1  1031
  388.0  1.211E+08  1.297E+07  5.035E+05 1029.2  1031
  389.0  1.191E+08  1.260E+07  4.874E+05 1029.2  1031
  390.0  1.172E+08  1.225E+07  4.717E+05 1029.2  1031
  391.0  1.153E+08  1.190E+07  4.565E+05 1029.3  1031
  392.0  1.134E+08  1.157E+07  4.419E+05 1029.3  1031
  393.0  1.116E+08  1.124E+07  4.277E+05 1029.3  1031
  394.0  1.098E+08  1.093E+07  4.140E+05 1029.3  1031
  395.0  1.080E+08  1.062E+07  4.007E+05 1029.4  1031
  396.0  1.062E+08  1.032E+07  3.878E+05 1029.4  1031
  397.0  1.045E+08  1.003E+07  3.754E+05 1029.4  1031
  398.0  1.028E+08  9.747E+06  3.634E+05 1029.4  1031
  399.0  1.011E+08  9.474E+06  3.517E+05 1029.5  1031
  400.0  9.950E+07  9.208E+06  3.405E+05 1029.5  1031
  401.0  9.769E+07  8.949E+06  3.296E+05 1029.5  1031
  402.0  9.611E+07  8.698E+06  3.190E+05 1029.5  1031
  403.0  9.456E+07  8.454E+06  3.088E+05 1029.6  1031
  404.0  9.303E+07  8.217E+06  2.989E+05 1029.6  1031
  405.0  9.153E+07  7.986E+06  2.894E+05 1029.6  1031
  406.0  9.006E+07  7.763E+06  2.801E+05 1029.6  1031
  407.0  8.861E+07  7.545E+06  2.712E+05 1029.6  1031
  408.0  8.718E+07  7.334E+06  2.625E+05 1029.7  1031
  409.0  8.577E+07  7.128E+06  2.541E+05 1029.7  1031
  410.0  8.439E+07  6.929E+06  2.460E+05 1029.7  1031
  411.0  8.304E+07  6.735E+06  2.382E+05 1029.7  1031
  412.0  8.170E+07  6.547E+06  2.306E+05 1029.7  1031
  413.0  8.039E+07  6.363E+06  2.232E+05 1029.8  1031
  414.0  7.909E+07  6.186E+06  2.161E+05 1029.8  1031
  415.0  7.782E+07  6.013E+06  2.092E+05 1029.8  1031
  416.0  7.657E+07  5.845E+06  2.025E+05 1029.8  1031
  417.0  7.534E+07  5.682E+06  1.961E+05 1029.8  1031
  418.0  7.413E+07  5.523E+06  1.898E+05 1029.8  1031
  419.0  7.294E+07  5.369E+06  1.838E+05 1029.9  1031
  420.0  7.177E+07  5.219E+06  1.780E+05 1029.9  1031
  421.0  7.062E+07  5.073E+06  1.723E+05 1029.9  1031
  422.0  6.949E+07  4.932E+06  1.668E+05 1029.9  1031
  423.0  6.837E+07  4.794E+06  1.615E+05 1029.9  1031
  424.0  6.728E+07  4.661E+06  1.564E+05 1029.9  1031
  425.0  6.620E+07  4.531E+06  1.514E+05 1030.0  1031
  426.0  6.514E+07  4.405E+06  1.466E+05 1030.0  1031
  427.0  6.410E+07  4.282E+06  1.419E+05 1030.0  1031
  428.0  6.307E+07  4.163E+06  1.374E+05 1030.0  1031
  429.0  6.206E+07  4.047E+06  1.331E+05 1030.0  1031
  430.0  6.107E+07  3.935E+06  1.289E+05 1030.0  1031
  431.0  6.009E+07  3.825E+06  1.248E+05 1030.0  1031
  432.0  5.913E+07  3.719E+06  1.208E+05 1030.0  1031
  433.0  5.819E+07  3.615E+06  1.170E+05 1030.1  1031
  434.0  5.726E+07  3.515E+06  1.133E+05 1030.1  1031
  435.0  5.634E+07  3.417E+06  1.097E+05 1030.1  1031
  436.0  5.544E+07  3.323E+06  1.062E+05 1030.1  1031
  437.0  5.456E+07  3.230E+06  1.029E+05 1030.1  1031
  438.0  5.369E+07  3.141E+06  9.960E+04 1030.1  1031
  439.0  5.283E+07  3.054E+06  9.645E+04 1030.1  1031
  440.0  5.199E+07  2.969E+06  9.340E+04 1030.1  1031
  441.0  5.116E+07  2.887E+06  9.045E+04 1030.1  1031
  442.0  5.034E+07  2.807E+06  8.759E+04 1030.2  1031
  443.0  4.954E+07  2.729E+06  8.482E+04 1030.2  1031
  444.0  4.875E+07  2.653E+06  8.214E+04 1030.2  1031
  445.0  4.798E+07  2.580E+06  7.955E+04 1030.2  1031
  446.0  4.721E+07  2.508E+06  7.704E+04 1030.2  1031
  447.0  4.646E+07  2.439E+06  7.461E+04 1030.2  1031
  448.0  4.572E+07  2.372E+06  7.225E+04 1030.2  1031
  449.0  4.500E+07  2.306E+06  6.997E+04 1030.2  1031
  450.0  4.428E+07  2.242E+06  6.777E+04 1030.2  1031
  451.0  4.358E+07  2.180E+06  6.563E+04 1030.2  1031
  452.0  4.289E+07  2.120E+06  6.356E+04 1030.2  1031
  453.0  4.220E+07  2.061E+06  6.156E+04 1030.2  1031
  454.0  4.153E+07  2.005E+06  5.962E+04 1030.3  1031
  455.0  4.088E+07  1.949E+06  5.774E+04 1030.3  1031
  456.0  4.023E+07  1.895E+06  5.593E+04 1030.3  1031
  457.0  3.959E+07  1.843E+06  5.417E+04 1030.3  1031
  458.0  3.896E+07  1.792E+06  5.246E+04 1030.3  1031
  459.0  3.834E+07  1.743E+06  5.081E+04 1030.3  1031
  460.0  3.774E+07  1.695E+06  4.922E+04 1030.3  1031
  461.0  3.714E+07  1.648E+06  4.767E+04 1030.3  1031
  462.0  3.655E+07  1.603E+06  4.617E+04 1030.3  1031
  463.0  3.597E+07  1.559E+06  4.472E+04 1030.3  1031
  464.0  3.540E+07  1.516E+06  4.332E+04 1030.3  1031
  465.0  3.484E+07  1.474E+06  4.196E+04 1030.3  1031
  466.0  3.429E+07  1.433E+06  4.064E+04 1030.3  1031
  467.0  3.375E+07  1.394E+06  3.937E+04 1030.3  1031
  468.0  3.322E+07  1.356E+06  3.813E+04 1030.3  1031
  469.0  3.269E+07  1.318E+06  3.694E+04 1030.3  1031
  470.0  3.217E+07  1.282E+06  3.578E+04 1030.4  1031
  471.0  3.167E+07  1.247E+06  3.466E+04 1030.4  1031
  472.0  3.117E+07  1.213E+06  3.357E+04 1030.4  1031
  473.0  3.067E+07  1.179E+06  3.252E+04 1030.4  1031
  474.0  3.019E+07  1.147E+06  3.150E+04 1030.4  1031
  475.0  2.971E+07  1.116E+06  3.052E+04 1030.4  1031
  476.0  2.925E+07  1.085E+06  2.956E+04 1030.4  1031
  477.0  2.878E+07  1.055E+06  2.864E+04 1030.4  1031
  478.0  2.833E+07  1.026E+06  2.774E+04 1030.4  1031
  479.0  2.788E+07  9.982E+05  2.687E+04 1030.4  1031
  480.0  2.744E+07  9.708E+05  2.603E+04 1030.4  1031
  481.0  2.701E+07  9.442E+05  2.522E+04 1030.4  1031
  482.0  2.659E+07  9.184E+05  2.443E+04 1030.4  1031
  483.0  2.617E+07  8.932E+05  2.367E+04 1030.4  1031
  484.0  2.576E+07  8.688E+05  2.293E+04 1030.4  1031
  485.0  2.535E+07  8.450E+05  2.222E+04 1030.4  1031
  486.0  2.495E+07  8.219E+05  2.152E+04 1030.4  1031
  487.0  2.456E+07  7.994E+05  2.085E+04 1030.4  1031
  488.0  2.418E+07  7.776E+05  2.020E+04 1030.4  1031
  489.0  2.380E+07  7.563E+05  1.957E+04 1030.4  1031
  490.0  2.342E+07  7.357E+05  1.896E+04 1030.4  1031
  491.0  2.305E+07  7.156E+05  1.837E+04 1030.4  1031
  492.0  2.269E+07  6.961E+05  1.780E+04 1030.4  1031
  493.0  2.234E+07  6.771E+05  1.725E+04 1030.4  1031
  494.0  2.199E+07  6.586E+05  1.671E+04 1030.5  1031
  495.0  2.164E+07  6.406E+05  1.619E+04 1030.5  1031
  496.0  2.130E+07  6.232E+05  1.569E+04 1030.5  1031
  497.0  2.097E+07  6.062E+05  1.520E+04 1030.5  1031
  498.0  2.064E+07  5.896E+05  1.473E+04 1030.5  1031
  499.0  2.032E+07  5.736E+05  1.427E+04 1030.5  1031
  500.0  2.000E+07  5.580E+05  1.382E+04 1030.5  1031
  501.0  1.969E+07  5.428E+05  1.340E+04 1030.5  1031
  502.0  1.938E+07  5.280E+05  1.298E+04 1030.5  1031
  503.0  1.907E+07  5.136E+05  1.258E+04 1030.5  1031
  504.0  1.878E+07  4.996E+05  1.219E+04 1030.5  1031
  505.0  1.848E+07  4.861E+05  1.181E+04 1030.5  1031
  506.0  1.819E+07  4.728E+05  1.144E+04 1030.5  1031
  507.0  1.791E+07  4.600E+05  1.109E+04 1030.5  1031
  508.0  1.763E+07  4.475E+05  1.074E+04 1030.5  1031
  509.0  1.735E+07  4.353E+05  1.041E+04 1030.5  1031
  510.0  1.708E+07  4.235E+05  1.009E+04 1030.5  1031
  511.0  1.682E+07  4.120E+05  9.776E+03 1030.5  1031
  512.0  1.655E+07  4.008E+05  9.473E+03 1030.5  1031
  513.0  1.630E+07  3.899E+05  9.180E+03 1030.5  1031
  514.0  1.604E+07  3.794E+05  8.896E+03 1030.5  1031
  515.0  1.579E+07  3.691E+05  8.621E+03 1030.5  1031
  516.0  1.555E+07  3.591E+05  8.354E+03 1030.5  1031
  517.0  1.530E+07  3.493E+05  8.096E+03 1030.5  1031
  518.0  1.507E+07  3.399E+05  7.846E+03 1030.5  1031
  519.0  1.483E+07  3.307E+05  7.603E+03 1030.5  1031
  520.0  1.460E+07  3.217E+05  7.368E+03 1030.5  1031
  521.0  1.437E+07  3.130E+05  7.141E+03 1030.5  1031
  522.0  1.415E+07  3.045E+05  6.920E+03 1030.5  1031
  523.0  1.393E+07  2.963E+05  6.707E+03 1030.5  1031
  524.0  1.371E+07  2.883E+05  6.500E+03 1030.5  1031
  525.0  1.350E+07  2.805E+05  6.299E+03 1030.5  1031
  526.0  1.329E+07  2.729E+05  6.105E+03 1030.5  1031
  527.0  1.308E+07  2.655E+05  5.917E+03 1030.5  1031
  528.0  1.288E+07  2.584E+05  5.735E+03 1030.5  1031
  529.0  1.268E+07  2.514E+05  5.558E+03 1030.5  1031
  530.0  1.248E+07  2.446E+05  5.387E+03 1030.5  1031
  531.0  1.229E+07  2.380E+05  5.221E+03 1030.5  1031
  532.0  1.210E+07  2.316E+05  5.060E+03 1030.5  1031
  533.0  1.191E+07  2.253E+05  4.904E+03 1030.5  1031
  534.0  1.173E+07  2.192E+05  4.754E+03 1030.5  1031
  535.0  1.154E+07  2.133E+05  4.607E+03 1030.5  1031
  536.0  1.137E+07  2.076E+05  4.466E+03 1030.5  1031
  537.0  1.119E+07  2.020E+05  4.328E+03 1030.5  1031
  538.0  1.102E+07  1.965E+05  4.195E+03 1030.5  1031
  539.0  1.085E+07  1.912E+05  4.067E+03 1030.5  1031
  540.0  1.068E+07  1.861E+05  3.942E+03 1030.5  1031
  541.0  1.051E+07  1.811E+05  3.821E+03 1030.5  1031
  542.0  1.035E+07  1.762E+05  3.703E+03 1030.5  1031
  543.0  1.019E+07  1.715E+05  3.590E+03 1030.5  1031
  544.0  1.003E+07  1.669E+05  3.480E+03 1030.5  1031
  545.0  9.878E+06  1.624E+05  3.373E+03 1030.5  1031
  546.0  9.725E+06  1.580E+05  3.270E+03 1030.5  1031
  547.0  9.575E+06  1.538E+05  3.169E+03 1030.6  1031
  548.0  9.427E+06  1.496E+05  3.072E+03 1030.6  1031
  549.0  9.281E+06  1.456E+05  2.978E+03 1030.6  1031
  550.0  9.138E+06  1.417E+05  2.887E+03 1030.6  1031
  551.0  8.997E+06  1.379E+05  2.799E+03 1030.6  1031
  552.0  8.859E+06  1.342E+05  2.713E+03 1030.6  1031
  553.0  8.722E+06  1.306E+05  2.630E+03 1030.6  1031
  554.0  8.588E+06  1.271E+05  2.549E+03 1030.6  1031
  555.0  8.455E+06  1.237E+05  2.471E+03 1030.6  1031
  556.0  8.325E+06  1.204E+05  2.396E+03 1030.6  1031
  557.0  8.197E+06  1.172E+05  2.323E+03 1030.6  1031
  558.0  8.071E+06  1.140E+05  2.252E+03 1030.6  1031
  559.0  7.946E+06  1.110E+05  2.183E+03 1030.6  1031
  560.0  7.824E+06  1.080E+05  2.116E+03 1030.6  1031
  561.0  7.704E+06  1.051E+05  2.052E+03 1030.6  1031
  562.0  7.585E+06  1.023E+05  1.989E+03 1030.6  1031
  563.0  7.469E+06  9.956E+04  1.928E+03 1030.6  1031
  564.0  7.354E+06  9.689E+04  1.870E+03 1030.6  1031
  565.0  7.241E+06  9.430E+04  1.813E+03 1030.6  1031
  566.0  7.130E+06  9.178E+04  1.757E+03 1030.6  1031
  567.0  7.020E+06  8.933E+04  1.704E+03 1030.6  1031
  568.0  6.912E+06  8.694E+04  1.652E+03 1030.6  1031
  569.0  6.806E+06  8.462E+04  1.602E+03 1030.6  1031
  570.0  6.702E+06  8.236E+04  1.553E+03 1030.6  1031
  571.0  6.599E+06  8.017E+04  1.505E+03 1030.6  1031
  572.0  6.498E+06  7.803E+04  1.460E+03 1030.6  1031
  573.0  6.398E+06  7.595E+04  1.415E+03 1030.6  1031
  574.0  6.300E+06  7.392E+04  1.372E+03 1030.6  1031
  575.0  6.204E+06  7.195E+04  1.331E+03 1030.6  1031
  576.0  6.109E+06  7.003E+04  1.290E+03 1030.6  1031
  577.0  6.015E+06  6.817E+04  1.251E+03 1030.6  1031
  578.0  5.923E+06  6.635E+04  1.213E+03 1030.6  1031
  579.0  5.832E+06  6.459E+04  1.176E+03 1030.6  1031
  580.0  5.743E+06  6.287E+04  1.140E+03 1030.6  1031
  581.0  5.655E+06  6.119E+04  1.106E+03 1030.6  1031
  582.0  5.569E+06  5.957E+04  1.072E+03 1030.6  1031
  583.0  5.484E+06  5.798E+04  1.040E+03 1030.6  1031
  584.0  5.400E+06  5.644E+04  1.008E+03 1030.6  1031
  585.0  5.318E+06  5.494E+04  9.775E+02 1030.6  1031
  586.0  5.236E+06  5.348E+04  9.479E+02 1030.6  1031
  587.0  5.156E+06  5.206E+04  9.192E+02 1030.6  1031
  588.0  5.078E+06  5.068E+04  8.913E+02 1030.6  1031
  589.0  5.000E+06  4.933E+04  8.643E+02 1030.6  1031
  590.0  4.924E+06  4.802E+04  8.382E+02 1030.6  1031
  591.0  4.849E+06  4.675E+04  8.128E+02 1030.6  1031
  592.0  4.775E+06  4.551E+04  7.882E+02 1030.6  1031
  593.0  4.702E+06  4.430E+04  7.644E+02 1030.6  1031
  594.0  4.630E+06  4.313E+04  7.412E+02 1030.6  1031
  595.0  4.560E+06  4.198E+04  7.188E+02 1030.6  1031
  596.0  4.490E+06  4.087E+04  6.971E+02 1030.6  1031
  597.0  4.422E+06  3.979E+04  6.760E+02 1030.6  1031
  598.0  4.355E+06  3.873E+04  6.556E+02 1030.6  1031
  599.0  4.289E+06  3.771E+04  6.358E+02 1030.6  1031
  600.0  4.223E+06  3.671E+04  6.166E+02 1030.6  1031
  601.0  4.159E+06  3.574E+04  5.980E+02 1030.6  1031
  602.0  4.096E+06  3.479E+04  5.800E+02 1030.6  1031
  603.0  4.034E+06  3.387E+04  5.625E+02 1030.6  1031
  604.0  3.972E+06  3.298E+04  5.455E+02 1030.6  1031
  605.0  3.912E+06  3.211E+04  5.291E+02 1030.6  1031
  606.0  3.853E+06  3.126E+04  5.131E+02 1030.6  1031
  607.0  3.794E+06  3.043E+04  4.977E+02 1030.6  1031
  608.0  3.737E+06  2.963E+04  4.827E+02 1030.6  1031
  609.0  3.680E+06  2.885E+04  4.681E+02 1030.6  1031
  610.0  3.624E+06  2.809E+04  4.540E+02 1030.6  1031
  611.0  3.569E+06  2.734E+04  4.404E+02 1030.6  1031
  612.0  3.515E+06  2.662E+04  4.271E+02 1030.6  1031
  613.0  3.462E+06  2.592E+04  4.143E+02 1030.6  1031
  614.0  3.409E+06  2.524E+04  4.018E+02 1030.6  1031
  615.0  3.358E+06  2.457E+04  3.897E+02 1030.6  1031
  616.0  3.307E+06  2.393E+04  3.780E+02 1030.6  1031
  617.0  3.257E+06  2.329E+04  3.667E+02 1030.6  1031
  618.0  3.207E+06  2.268E+04  3.557E+02 1030.6  1031
  619.0  3.159E+06  2.208E+04  3.450E+02 1030.6  1031
  620.0  3.111E+06  2.150E+04  3.346E+02 1030.6  1031
  621.0  3.064E+06  2.094E+04  3.246E+02 1030.6  1031
  622.0  3.018E+06  2.039E+04  3.148E+02 1030.6  1031
  623.0  2.972E+06  1.985E+04  3.054E+02 1030.6  1031
  624.0  2.927E+06  1.933E+04  2.962E+02 1030.6  1031
  625.0  2.883E+06  1.882E+04  2.874E+02 1030.6  1031
  626.0  2.840E+06  1.833E+04  2.787E+02 1030.6  1031
  627.0  2.797E+06  1.784E+04  2.704E+02 1030.6  1031
  628.0  2.754E+06  1.738E+04  2.623E+02 1030.6  1031
  629.0  2.713E+06  1.692E+04  2.544E+02 1030.6  1031
  630.0  2.672E+06  1.648E+04  2.468E+02 1030.6  1031
  631.0  2.632E+06  1.604E+04  2.394E+02 1030.6  1031
  632.0  2.592E+06  1.562E+04  2.323E+02 1030.6  1031
  633.0  2.553E+06  1.521E+04  2.253E+02 1030.6  1031
  634.0  2.514E+06  1.481E+04  2.186E+02 1030.6  1031
  635.0  2.477E+06  1.443E+04  2.121E+02 1030.6  1031
  636.0  2.439E+06  1.405E+04  2.057E+02 1030.6  1031
  637.0  2.403E+06  1.368E+04  1.996E+02 1030.6  1031
  638.0  2.366E+06  1.332E+04  1.936E+02 1030.6  1031
  639.0  2.331E+06  1.297E+04  1.878E+02 1030.6  1031
  640.0  2.296E+06  1.263E+04  1.822E+02 1030.6  1031
  641.0  2.261E+06  1.230E+04  1.768E+02 1030.6  1031
  642.0  2.227E+06  1.198E+04  1.715E+02 1030.6  1031
  643.0  2.194E+06  1.167E+04  1.664E+02 1030.6  1031
  644.0  2.161E+06  1.136E+04  1.614E+02 1030.6  1031
  645.0  2.128E+06  1.107E+04  1.566E+02 1030.6  1031
  646.0  2.096E+06  1.078E+04  1.519E+02 1030.6  1031
  647.0  2.065E+06  1.050E+04  1.474E+02 1030.6  1031
  648.0  2.034E+06  1.022E+04  1.430E+02 1030.6  1031
  649.0  2.004E+06  9.955E+03  1.388E+02 1030.6  1031
  650.0  1.973E+06  9.695E+03  1.346E+02 1030.6  1031
  651.0  1.944E+06  9.442E+03  1.306E+02 1030.6  1031
  652.0  1.915E+06  9.196E+03  1.267E+02 1030.6  1031
  653.0  1.886E+06  8.956E+03  1.230E+02 1030.6  1031
  654.0  1.858E+06  8.723E+03  1.193E+02 1030.6  1031
  655.0  1.830E+06  8.495E+03  1.158E+02 1030.6  1031
  656.0  1.803E+06  8.274E+03  1.123E+02 1030.6  1031
  657.0  1.776E+06  8.059E+03  1.090E+02 1030.6  1031
  658.0  1.749E+06  7.849E+03  1.058E+02 1030.6  1031
  659.0  1.723E+06  7.644E+03  1.026E+02 1030.6  1031
  660.0  1.697E+06  7.445E+03  9.957E+01 1030.6  1031
  661.0  1.672E+06  7.252E+03  9.662E+01 1030.6  1031
  662.0  1.647E+06  7.063E+03  9.375E+01 1030.6  1031
  663.0  1.622E+06  6.880E+03  9.097E+01 1030.6  1031
  664.0  1.598E+06  6.701E+03  8.827E+01 1030.6  1031
  665.0  1.574E+06  6.527E+03  8.566E+01 1030.6  1031
  666.0  1.551E+06  6.357E+03  8.312E+01 1030.6  1031
  667.0  1.527E+06  6.192E+03  8.066E+01 1030.6  1031
  668.0  1.505E+06  6.031E+03  7.827E+01 1030.6  1031
  669.0  1.482E+06  5.875E+03  7.595E+01 1030.6  1031
  670.0  1.460E+06  5.722E+03  7.370E+01 1030.6  1031
  671.0  1.438E+06  5.574E+03  7.152E+01 1030.6  1031
  672.0  1.417E+06  5.429E+03  6.940E+01 1030.6  1031
  673.0  1.396E+06  5.288E+03  6.735E+01 1030.6  1031
  674.0  1.375E+06  5.151E+03  6.536E+01 1030.6  1031
  675.0  1.354E+06  5.018E+03  6.343E+01 1030.6  1031
  676.0  1.334E+06  4.888E+03  6.155E+01 1030.6  1031
  677.0  1.314E+06  4.761E+03  5.973E+01 1030.6  1031
  678.0  1.295E+06  4.638E+03  5.797E+01 1030.6  1031
  679.0  1.276E+06  4.518E+03  5.626E+01 1030.6  1031
  680.0  1.257E+06  4.401E+03  5.460E+01 1030.6  1031
  681.0  1.238E+06  4.287E+03  5.299E+01 1030.6  1031
  682.0  1.220E+06  4.176E+03  5.142E+01 1030.6  1031
  683.0  1.201E+06  4.068E+03  4.991E+01 1030.6  1031
  684.0  1.184E+06  3.963E+03  4.844E+01 1030.6  1031
  685.0  1.166E+06  3.861E+03  4.701E+01 1030.6  1031
  686.0  1.149E+06  3.761E+03  4.562E+01 1030.6  1031
  687.0  1.132E+06  3.664E+03  4.428E+01 1030.6  1031
  688.0  1.115E+06  3.569E+03  4.297E+01 1030.6  1031
  689.0  1.098E+06  3.477E+03  4.171E+01 1030.6  1031
  690.0  1.082E+06  3.387E+03  4.048E+01 1030.6  1031
  691.0  1.066E+06  3.300E+03  3.929E+01 1030.6  1031
  692.0  1.050E+06  3.215E+03  3.813E+01 1030.6  1031
  693.0  1.035E+06  3.132E+03  3.701E+01 1030.6  1031
  694.0  1.019E+06  3.051E+03  3.592E+01 1030.6  1031
  695.0  1.004E+06  2.973E+03  3.487E+01 1030.6  1031
  696.0  9.894E+05  2.896E+03  3.384E+01 1030.6  1031
  697.0  9.748E+05  2.821E+03  3.285E+01 1030.6  1031
  698.0  9.603E+05  2.749E+03  3.188E+01 1030.6  1031
  699.0  9.461E+05  2.678E+03  3.095E+01 1030.6  1031
  700.0  9.321E+05  2.609E+03  3.004E+01 1030.6  1031
  701.0  9.184E+05  2.542E+03  2.916E+01 1030.6  1031
  702.0  9.048E+05  2.477E+03  2.830E+01 1030.6  1031
  703.0  8.914E+05  2.413E+03  2.747E+01 1030.6  1031
  704.0  8.783E+05  2.351E+03  2.667E+01 1030.6  1031
  705.0  8.653E+05  2.291E+03  2.588E+01 1030.6  1031
  706.0  8.525E+05  2.232E+03  2.513E+01 1030.6  1031
  707.0  8.399E+05  2.174E+03  2.439E+01 1030.6  1031
  708.0  8.275E+05  2.119E+03  2.368E+01 1030.6  1031
  709.0  8.153E+05  2.064E+03  2.298E+01 1030.6  1031
  710.0  8.033E+05  2.011E+03  2.231E+01 1030.6  1031
  711.0  7.915E+05  1.960E+03  2.166E+01 1030.6  1031
  712.0  7.798E+05  1.909E+03  2.102E+01 1030.6  1031
  713.0  7.683E+05  1.860E+03  2.041E+01 1030.6  1031
  714.0  7.570E+05  1.813E+03  1.981E+01 1030.6  1031
  715.0  7.459E+05  1.766E+03  1.923E+01 1030.6  1031
  716.0  7.349E+05  1.721E+03  1.867E+01 1030.6  1031
  717.0  7.241E+05  1.677E+03  1.812E+01 1030.6  1031
  718.0  7.134E+05  1.634E+03  1.760E+01 1030.6  1031
  719.0  7.029E+05  1.592E+03  1.708E+01 1030.6  1031
  720.0  6.926E+05  1.551E+03  1.658E+01 1030.6  1031
  721.0  6.824E+05  1.512E+03  1.610E+01 1030.6  1031
  722.0  6.724E+05  1.473E+03  1.563E+01 1030.6  1031
  723.0  6.625E+05  1.435E+03  1.517E+01 1030.6  1031
  724.0  6.528E+05  1.399E+03  1.473E+01 1030.6  1031
  725.0  6.432E+05  1.363E+03  1.430E+01 1030.6  1031
  726.0  6.337E+05  1.328E+03  1.388E+01 1030.6  1031
  727.0  6.244E+05  1.294E+03  1.348E+01 1030.6  1031
  728.0  6.153E+05  1.261E+03  1.309E+01 1030.6  1031
  729.0  6.063E+05  1.229E+03  1.271E+01 1030.6  1031
  730.0  5.974E+05  1.198E+03  1.234E+01 1030.6  1031
  731.0  5.886E+05  1.167E+03  1.198E+01 1030.6  1031
  732.0  5.800E+05  1.137E+03  1.163E+01 1030.6  1031
  733.0  5.715E+05  1.108E+03  1.129E+01 1030.6  1031
  734.0  5.631E+05  1.080E+03  1.096E+01 1030.6  1031
  735.0  5.549E+05  1.053E+03  1.064E+01 1030.6  1031
  736.0  5.467E+05  1.026E+03  1.033E+01 1030.6  1031
  737.0  5.387E+05  9.996E+02  1.003E+01 1030.6  1031
  738.0  5.309E+05  9.741E+02  9.743E+00 1030.6  1031
  739.0  5.231E+05  9.493E+02  9.460E+00 1030.6  1031
  740.0  5.154E+05  9.252E+02  9.185E+00 1030.6  1031
  741.0  5.079E+05  9.016E+02  8.919E+00 1030.6  1031
  742.0  5.005E+05  8.787E+02  8.660E+00 1030.6  1031
  743.0  4.932E+05  8.564E+02  8.409E+00 1030.6  1031
  744.0  4.860E+05  8.346E+02  8.165E+00 1030.6  1031
  745.0  4.789E+05  8.134E+02  7.928E+00 1030.6  1031
  746.0  4.719E+05  7.927E+02  7.698E+00 1030.6  1031
  747.0  4.650E+05  7.726E+02  7.475E+00 1030.6  1031
  748.0  4.582E+05  7.530E+02  7.259E+00 1030.6  1031
  749.0  4.515E+05  7.339E+02  7.049E+00 1030.6  1031
  750.0  4.450E+05  7.152E+02  6.845E+00 1030.6  1031
  751.0  4.385E+05  6.971E+02  6.646E+00 1030.6  1031
  752.0  4.321E+05  6.794E+02  6.454E+00 1030.6  1031
  753.0  4.258E+05  6.622E+02  6.267E+00 1030.6  1031
  754.0  4.196E+05  6.454E+02  6.086E+00 1030.6  1031
  755.0  4.135E+05  6.290E+02  5.910E+00 1030.6  1031
  756.0  4.075E+05  6.131E+02  5.739E+00 1030.6  1031
  757.0  4.015E+05  5.976E+02  5.574E+00 1030.6  1031
  758.0  3.957E+05  5.824E+02  5.413E+00 1030.6  1031
  759.0  3.899E+05  5.677E+02  5.256E+00 1030.6  1031
  760.0  3.843E+05  5.533E+02  5.105E+00 1030.6  1031
  761.0  3.787E+05  5.393E+02  4.957E+00 1030.6  1031
  762.0  3.732E+05  5.257E+02  4.814E+00 1030.6  1031
  763.0  3.677E+05  5.124E+02  4.675E+00 1030.6  1031
  764.0  3.624E+05  4.994E+02  4.541E+00 1030.6  1031
  765.0  3.571E+05  4.868E+02  4.410E+00 1030.6  1031
  766.0  3.520E+05  4.745E+02  4.283E+00 1030.6  1031
  767.0  3.468E+05  4.625E+02  4.159E+00 1030.6  1031
  768.0  3.418E+05  4.509E+02  4.039E+00 1030.6  1031
  769.0  3.369E+05  4.395E+02  3.923E+00 1030.6  1031
  770.0  3.320E+05  4.284E+02  3.810E+00 1030.6  1031
  771.0  3.272E+05  4.176E+02  3.700E+00 1030.6  1031
  772.0  3.224E+05  4.070E+02  3.594E+00 1030.6  1031
  773.0  3.177E+05  3.968E+02  3.491E+00 1030.6  1031
  774.0  3.131E+05  3.868E+02  3.390E+00 1030.6  1031
  775.0  3.086E+05  3.770E+02  3.293E+00 1030.6  1031
  776.0  3.041E+05  3.675E+02  3.198E+00 1030.6  1031
  777.0  2.997E+05  3.583E+02  3.106E+00 1030.6  1031
  778.0  2.954E+05  3.492E+02  3.017E+00 1030.6  1031
  779.0  2.911E+05  3.405E+02  2.930E+00 1030.6  1031
  780.0  2.869E+05  3.319E+02  2.846E+00 1030.6  1031
  781.0  2.828E+05  3.235E+02  2.764E+00 1030.6  1031
  782.0  2.787E+05  3.154E+02  2.685E+00 1030.6  1031
  783.0  2.747E+05  3.075E+02  2.608E+00 1030.6  1031
  784.0  2.707E+05  2.997E+02  2.533E+00 1030.6  1031
  785.0  2.668E+05  2.922E+02  2.461E+00 1030.6  1031
  786.0  2.629E+05  2.849E+02  2.390E+00 1030.6  1031
  787.0  2.591E+05  2.777E+02  2.322E+00 1030.6  1031
  788.0  2.554E+05  2.707E+02  2.255E+00 1030.6  1031
  789.0  2.517E+05  2.639E+02  2.191E+00 1030.6  1031
  790.0  2.481E+05  2.573E+02  2.128E+00 1030.6  1031
  791.0  2.445E+05  2.509E+02  2.067E+00 1030.6  1031
  792.0  2.410E+05  2.446E+02  2.008E+00 1030.6  1031
  793.0  2.375E+05  2.384E+02  1.950E+00 1030.6  1031
  794.0  2.341E+05  2.325E+02  1.895E+00 1030.6  1031
  795.0  2.307E+05  2.266E+02  1.840E+00 1030.6  1031
  796.0  2.274E+05  2.209E+02  1.788E+00 1030.6  1031
  797.0  2.241E+05  2.154E+02  1.737E+00 1030.6  1031
  798.0  2.209E+05  2.100E+02  1.687E+00 1030.6  1031
  799.0  2.177E+05  2.048E+02  1.639E+00 1030.6  1031
  800.0  2.146E+05  1.996E+02  1.592E+00 1030.6  1031
